data/outLocal.txt
ncols     180
nrows     180
xllcorner  0.0
yllcorner   0.0
cellsize    20.0
NODATA_value -9999.0
[rows 84 to 111 of 180, columns 0 to 62 of 180]
334.0128 334.0128 333.708 333.4032 333.0984 332.7936 332.7936 332.7936 332.184 331.5744 331.2696 330.66 330.3552 330.0504 329.136 328.5264 327.612 327.3072 327.3072 327.3072 327.0024 323.6976 323.3928 323.088 322.4784 322.1736 321.564 320.9544 320.3448 320.04 319.4304 319.1256 321.516 320.9064 320.2968 319.6872 318.7728 318.1632 317.5536 316.6392 316.0296 315.1152 314.2008 313.2864 312.0672 310.848 309.6288 308.7144 308.1048 307.4952 306.5808 305.3616 304.1424 303.228 302.0088 300.0944 299.18 298.2656 295.656 295.656 297.9608 297.9608 297.656
334.6224 334.6224 334.3176 334.0128 333.708 333.4032 333.4032 333.4032 332.7936 332.184 331.5744 331.2696 330.9648 330.3552 329.7456 328.8312 328.2216 327.9168 327.9168 327.612 327.612 327.3072 324.0024 323.6976 323.3928 323.088 322.4784 321.8688 321.2592 320.9544 320.3448 320.04 319.4304 322.1256 321.516 320.9064 320.2968 319.3824 318.7728 317.5536 316.944 316.0296 315.42 314.5056 313.2864 312.0672 310.848 310.2384 309.324 308.7144 307.4952 306.276 305.3616 304.1424 303.228 301.3136 300.0944 299.18 298.5704 298.5704 298.8752 299.18 298.5704
335.232 334.9272 334.9272 334.6224 334.3176 334.3176 334.3176 334.0128 333.708 333.0984 332.4888 332.184 331.5744 331.2696 330.66 329.7456 329.136 328.8312 328.5264 328.5264 328.2216 328.2216 325.2216 324.612 324.3072 324.0024 323.3928 322.7832 322.1736 321.8688 321.564 320.9544 320.6496 320.3448 322.7352 322.1256 321.516 320.6016 319.6872 318.7728 317.8584 316.944 316.3344 315.42 314.2008 312.9816 312.0672 311.4576 310.848 309.9336 309.324 308.4096 307.4952 306.5808 305.6664 304.752 302.5328 301.3136 300.3992 300.3992 300.3992 300.704 300.0944
335.5368 335.5368 335.5368 335.232 335.232 335.232 335.232 334.9272 334.6224 334.0128 333.708 333.0984 332.7936 332.184 331.5744 330.9648 330.3552 330.0504 329.7456 329.4408 329.136 326.136 326.136 325.8312 325.2216 324.9168 324.3072 323.6976 323.3928 322.7832 322.4784 322.1736 321.8688 321.564 320.9544 320.3448 319.7352 318.8208 320.9064 319.992 319.0776 318.1632 317.2488 316.3344 315.1152 313.896 312.9816 312.372 312.0672 311.7624 311.1528 310.5432 309.9336 309.0192 308.4096 307.8 305.5808 304.0568 302.8376 302.5328 302.5328 302.228 301.6184
335.8416 335.8416 335.8416 336.1464 336.1464 335.8416 335.8416 335.8416 335.232 334.9272 334.6224 334.0128 333.708 333.0984 332.4888 332.184 331.5744 330.9648 330.66 330.3552 330.3552 327.3552 327.3552 326.7456 329.4408 328.8312 328.2216 324.9168 324.3072 324.0024 323.3928 323.088 322.7832 322.7832 322.1736 321.564 320.9544 320.04 319.1256 318.2112 320.2968 319.0776 318.1632 316.944 316.0296 314.8104 313.896 313.5912 313.2864 312.9816 312.6768 312.372 311.7624 311.4576 310.848 310.2384 309.0192 306.4952 305.276 304.6664 304.0568 303.752 303.1424
335.8416 335.8416 336.1464 336.4512 336.756 336.756 336.4512 336.4512 336.1464 335.5368 335.232 334.9272 334.3176 334.0128 333.4032 333.0984 332.7936 332.184 331.8792 331.2696 331.2696 331.5744 328.2696 330.9648 330.3552 329.7456 329.136 325.8312 325.2216 324.9168 324.612 324.3072 324.0024 323.6976 323.3928 322.7832 321.8688 320.9544 320.04 319.1256 321.2112 319.992 318.7728 317.8584 316.6392 315.7248 314.8104 314.2008 313.896 313.5912 313.2864 312.6768 312.372 312.0672 311.7624 311.1528 309.9336 308.7144 306.4952 306.1904 305.5808 305.276 304.3616
335.5368 335.5368 336.1464 336.756 337.3656 337.3656 337.0608 337.0608 336.756 336.4512 336.1464 335.5368 335.232 334.9272 334.6224 334.3176 334.0128 333.4032 333.0984 332.4888 332.4888 332.4888 332.4888 331.8792 331.2696 330.66 330.0504 326.7456 326.136 325.8312 325.5264 325.2216 324.9168 324.612 324.3072 323.6976 322.7832 322.1736 320.9544 323.04 321.8208 320.9064 319.6872 318.468 317.5536 316.3344 315.1152 314.8104 314.2008 313.5912 313.2864 312.9816 312.372 312.0672 311.7624 311.4576 310.5432 309.6288 308.7144 307.4096 307.1048 306.8 305.8856
335.3844 335.5368 336.1464 337.0608 337.9752 337.9752 337.6704 337.6704 337.3656 337.0608 336.756 336.4512 335.8416 335.5368 335.232 335.232 334.9272 334.6224 334.0128 333.708 333.708 333.4032 333.4032 332.7936 332.184 331.5744 330.9648 327.66 327.0504 326.7456 326.4408 326.136 325.8312 325.5264 325.2216 324.612 323.6976 323.088 321.8688 323.6496 322.7352 321.516 320.2968 319.3824 318.1632 316.944 315.7248 315.1152 314.5056 313.896 313.2864 312.9816 312.372 312.372 312.0672 311.7624 311.1528 310.5432 309.9336 309.6288 308.324 307.7144 306.8
335.232 335.232 335.8416 337.0608 337.6704 337.9752 337.9752 337.9752 337.6704 337.3656 337.3656 337.0608 336.756 336.4512 336.1464 335.8416 335.5368 335.232 334.6224 334.3176 334.0128 334.0128 333.708 333.4032 332.7936 332.184 331.8792 331.2696 327.9648 327.66 327.0504 326.7456 326.4408 326.136 325.8312 325.2216 324.3072 323.3928 322.4784 321.2592 320.3448 319.1256 320.9064 319.6872 318.468 317.2488 316.3344 315.42 314.8104 311.2008 310.5912 309.9816 309.6768 309.372 312.0672 311.9148 311.4576 310.848 310.2384 309.9336 308.6288 308.324 307.4096
332.9272 332.9272 335.8416 336.4512 337.3656 337.6704 337.9752 337.9752 337.9752 337.9752 337.6704 337.6704 337.3656 334.0608 333.756 333.4512 333.1464 335.8416 335.232 334.6224 334.3176 334.3176 334.0128 333.4032 333.0984 332.7936 332.4888 332.184 328.5744 328.2696 327.9648 327.66 327.0504 326.7456 326.136 325.5264 324.612 324.0024 322.7832 321.8688 320.6496 319.7352 318.516 317.2968 316.0776 314.8584 313.6392 312.7248 312.1152 311.2008 310.5912 309.9816 309.6768 309.372 309.0672 309.0672 311.7624 311.1528 310.848 310.2384 309.9336 308.6288 307.7144
332.6224 332.6224 333.5368 336.1464 337.0608 337.6704 337.9752 338.28 338.28 338.28 338.28 335.28 334.9752 334.9752 334.6704 334.0608 333.756 333.1464 332.8416 335.232 334.9272 334.3176 334.0128 333.708 333.4032 333.4032 333.0984 332.7936 332.4888 331.8792 328.5744 328.2696 327.66 327.3552 326.7456 325.8312 325.2216 324.3072 323.3928 322.1736 321.2592 320.04 318.8208 317.6016 316.3824 315.1632 313.944 313.0296 312.42 311.5056 310.896 310.2864 309.6768 309.372 309.372 309.0672 308.7624 311.4576 311.1528 310.848 310.2384 308.9336 308.324
332.3176 332.3176 333.232 335.1464 336.756 337.3656 337.9752 338.28 338.5848 338.5848 335.5848 335.5848 335.28 335.28 334.9752 334.6704 334.0608 333.756 333.1464 332.5368 332.232 334.6224 334.3176 334.0128 333.708 333.708 333.4032 333.0984 332.7936 332.4888 329.184 328.5744 328.2696 327.66 327.0504 326.4408 325.5264 324.612 323.6976 322.4784 321.2592 320.3448 319.1256 317.9064 316.6872 315.468 314.2488 313.3344 312.7248 311.8104 311.2008 310.5912 309.9816 309.6768 309.6768 309.372 309.0672 308.7624 311.4576 311.1528 309.848 309.5432 306.9336
332.0128 332.0128 332.9272 334.8416 335.756 337.3656 337.9752 338.5848 338.8896 338.8896 338.8896 335.8896 335.8896 335.5848 338.28 337.9752 337.6704 334.0608 333.4512 333.1464 332.5368 331.9272 334.6224 334.3176 334.0128 333.708 333.708 333.4032 333.0984 332.7936 329.4888 329.184 328.5744 327.9648 327.3552 326.7456 325.8312 324.9168 324.0024 322.7832 321.564 320.3448 319.1256 317.9064 316.6872 315.468 314.5536 313.6392 312.7248 312.1152 311.5056 310.7436 310.2864 309.9816 309.9816 309.6768 309.372 309.0672 308.7624 308.4576 308.4576 308.1528 310.5432
331.708 331.8604 332.6224 333.5368 335.756 336.3656 338.28 338.8896 338.8896 339.1944 339.1944 339.1944 339.1944 339.1944 338.8896 338.28 337.9752 337.3656 334.0608 333.4512 332.8416 332.5368 334.9272 334.6224 334.3176 334.0128 334.0128 333.4032 333.4032 333.0984 329.7936 329.4888 328.8792 328.2696 327.9648 327.0504 326.4408 325.5264 324.3072 322.7832 321.564 320.3448 319.4304 318.2112 316.992 315.7728 314.8584 313.944 313.0296 312.7248 312.42 311.3532 310.5912 310.2864 310.2864 309.9816 309.6768 309.372 309.0672 309.0672 308.7624 311.7624 311.1528
331.6471 331.708 332.6224 333.5368 335.756 336.6704 337.28 338.8896 339.1944 339.4992 339.804 339.804 339.804 339.804 339.4992 338.8896 338.5848 334.9752 334.3656 333.756 333.4512 332.8416 332.232 334.9272 334.6224 334.3176 334.3176 333.708 333.5556 333.2508 332.7936 329.4888 328.8792 328.5744 327.9648 327.3552 326.7456 325.8312 324.612 323.088 321.8688 320.6496 319.1256 317.9064 316.992 315.7728 314.8584 312.7248 312.6943 312.6638 312.42 311.5056 311.2008 310.896 310.5912 310.2864 309.9816 309.6768 309.372 309.372 309.0672 312.0672 311.7624
331.5556 331.708 332.6224 333.8416 334.756 336.6704 337.28 337.8896 338.4992 339.1088 339.4136 340.4136 340.4136 340.4136 339.804 339.804 339.1944 338.5848 335.28 334.3656 333.756 333.4207 332.8416 335.232 334.9272 334.6224 334.6224 334.0128 333.708 333.4032 332.7936 332.4888 329.184 328.5744 328.2696 327.66 327.0504 326.4408 324.9168 323.3928 321.8688 320.6496 319.1256 317.9064 316.992 315.7728 315.1632 312.7248 312.6943 312.7248 312.7248 311.8104 311.5056 311.2008 310.896 310.5912 310.2864 309.9816 309.6768 309.6768 309.6768 312.372 312.0672
331.4032 331.708 332.6224 333.8416 336.0608 336.6704 337.5848 338.1944 338.804 339.4136 339.7184 340.0232 341.0232 340.7184 340.4136 340.1088 339.4992 338.8896 335.28 334.6704 334.0608 333.756 333.1464 335.8416 335.232 334.9272 335.0796 334.3176 333.4032 333.2508 332.7936 332.4888 329.184 328.8792 328.2696 327.9648 327.3552 326.7456 325.5264 324.0024 322.4784 320.9544 319.4304 317.9064 316.992 316.0776 315.1632 314.5536 313.9135 313.3344 312.7248 312.42 311.8104 311.5056 311.2008 310.896 310.5912 310.2864 309.9816 309.9816 312.9816 312.9816 312.6768
331.2508 332.0128 332.9272 334.8416 336.0608 336.9752 337.5848 338.4992 339.1088 339.7184 340.0232 340.0232 341.0232 341.0232 340.7184 340.1088 339.804 339.1944 338.5848 334.9752 334.3656 334.0608 333.4512 333.1464 335.5368 335.232 335.232 334.3176 333.708 333.4032 330.4032 330.0984 329.4888 329.184 328.8792 328.2696 327.9648 327.3552 326.136 324.612 323.088 321.564 320.04 318.516 317.6016 316.6872 315.7728 314.8584 314.2488 313.6392 313.3344 313.0296 312.42 312.1152 311.8104 311.5056 311.2008 310.896 310.5912 310.5912 313.5912 313.2864 312.9816
331.0984 332.3176 332.9272 335.1464 336.0608 336.9752 337.8896 338.4992 339.1088 339.7184 340.328 340.328 341.328 341.0232 340.7184 340.4136 340.1088 339.4992 338.8896 338.28 334.6704 334.3656 333.756 333.4512 335.8416 335.5368 335.232 331.6224 331.3176 331.0128 330.708 330.4032 330.0984 329.7936 329.4888 328.8792 328.2696 327.66 326.4408 325.2216 324.0024 322.4784 320.9544 319.4304 318.2112 316.992 316.0776 315.468 314.8584 314.5536 313.944 313.6392 313.3344 313.0296 312.7248 312.42 312.1152 311.8104 311.5056 314.2008 313.896 313.896 313.5912
330.946 332.0128 332.9272 334.8416 336.0608 336.9752 337.8896 338.804 339.4136 340.0232 340.328 340.6328 340.328 341.328 341.0232 340.7184 340.4136 339.804 339.1944 338.5848 337.9752 334.3656 334.0608 333.756 336.1464 332.8416 332.5368 331.9272 331.6224 331.3176 331.3176 331.0128 330.708 330.4032 330.0984 329.4888 328.8792 328.2696 327.0504 325.8312 324.612 323.088 321.8688 320.3448 319.1256 317.6016 316.6872 316.0776 315.468 315.1632 314.8584 314.2488 313.944 313.6392 313.3344 313.0296 312.7248 312.42 315.1152 314.8104 314.5056 314.2008 313.896
330.7936 331.708 332.3176 333.5368 335.4512 336.6704 337.5848 338.4992 339.4136 340.0232 340.328 340.6328 340.2975 340.328 341.0232 340.7184 340.4136 339.804 339.1944 338.5848 338.28 337.6704 334.3656 337.0608 336.756 336.4512 333.1464 332.5368 332.232 332.232 331.9272 331.6224 331.3176 331.0128 330.4032 329.7936 329.184 328.5744 327.3552 326.136 324.9168 323.6976 322.1736 320.6496 319.4304 318.2112 317.2968 316.6872 316.0776 315.7728 315.1632 314.8584 314.5536 314.2488 313.944 313.6392 313.3344 313.0296 315.42 315.1152 314.8104 314.5056 314.2008
330.4888 330.4888 331.4032 332.9272 333.8416 335.0608 336.28 337.1944 339.1088 339.7184 340.328 341.1756 341.6328 341.328 341.328 341.0232 340.7184 340.1088 339.4992 338.8896 338.28 337.9752 337.3656 337.3656 337.0608 336.756 336.4512 333.4512 333.1464 332.8416 332.5368 332.232 331.9272 331.3176 331.0128 330.4032 329.4888 328.8792 327.66 326.4408 325.2216 323.6976 322.4784 321.2592 320.04 318.8208 317.9064 317.2968 316.6872 316.0776 315.7728 315.468 315.468 315.1632 314.5536 314.2488 313.944 313.3344 313.0296 315.42 315.1152 314.5056 314.2008
329.5744 329.5744 330.7936 332.0128 333.5368 334.756 335.9752 336.8896 337.804 340.4136 341.0232 341.328 341.328 341.328 341.328 341.0232 340.7184 340.1088 339.4992 338.8896 338.5848 337.9752 337.6704 337.6704 337.3656 337.3656 334.0608 334.0608 333.756 333.4512 333.4512 333.1464 332.5368 331.9272 331.3176 330.708 329.7936 329.184 327.9648 326.7456 325.2216 324.0024 322.7832 321.564 320.6496 319.4304 318.516 317.9064 316.992 316.6872 316.3824 316.0776 316.0776 315.7728 315.1632 314.8584 314.2488 313.944 313.3344 312.7248 315.42 314.8104 314.5056
328.66 328.9648 330.184 331.708 332.9272 334.1464 335.3656 336.5848 337.4992 338.1088 341.0232 341.0232 341.328 341.328 341.0232 340.7184 340.4136 339.804 336.1944 335.5848 335.28 334.9752 337.8228 337.6704 337.6704 334.6704 334.6704 334.6704 334.6704 334.3656 334.3656 334.0608 333.4512 332.8416 332.232 331.3176 330.4032 329.4888 328.2696 327.0504 325.8312 324.612 323.3928 322.1736 320.9544 320.04 319.1256 318.516 317.6016 316.992 316.6872 316.6872 316.3824 316.0776 315.7728 315.468 314.8584 314.5536 313.944 313.3344 312.7248 312.42 314.8104
328.3552 328.66 329.5744 331.0984 331.3176 332.8416 334.0608 335.28 336.8896 337.804 338.7184 340.7184 341.0232 341.0232 340.7184 340.4136 336.804 336.4992 335.8896 335.5848 335.28 334.9752 334.8228 334.8228 334.9752 334.9752 335.28 335.28 335.5848 335.28 335.28 334.9752 334.3656 333.756 333.1464 332.232 331.0128 330.0984 328.8792 327.66 326.7456 325.2216 324.0024 322.7832 321.564 320.6496 319.7352 318.8208 318.2112 317.6016 317.2968 317.2968 316.992 316.6872 316.3824 315.7728 315.468 314.8584 314.5536 313.944 313.3344 312.7248 312.42
328.2333 328.3552 329.2696 329.7936 331.0128 332.232 333.4512 334.6704 335.5848 336.4992 337.4136 338.4136 340.7184 340.7184 340.4136 337.1088 336.4992 336.1944 335.5848 335.28 334.9752 334.6704 334.6704 334.6704 334.9752 335.28 335.5848 335.8896 336.1944 336.1944 335.8896 335.5848 334.9752 334.3656 333.756 332.5368 331.6224 330.4032 329.184 328.2696 327.0504 325.8312 324.3072 323.088 321.8688 320.9544 320.04 319.4304 318.8208 318.2112 317.9064 317.9064 317.6016 317.2968 316.6872 316.3824 316.0776 315.468 315.1632 314.5536 313.944 313.3344 313.0296
329.1723 328.3552 329.2696 329.4888 331.0128 332.232 333.1464 334.3656 335.28 336.1944 337.1088 338.4136 340.4136 340.4136 337.1088 336.804 336.1944 335.8896 335.28 334.9752 334.6704 334.3656 334.3656 334.6704 334.9752 334.9752 335.5848 335.8896 336.1944 336.1944 336.1944 336.8896 336.28 334.6704 333.756 332.8416 331.6224 330.4032 329.184 328.2696 327.0504 325.8312 324.3072 323.088 322.1736 321.2592 320.6496 320.04 319.4304 318.8208 318.516 318.2112 317.9064 317.6016 316.992 316.6872 316.3824 316.0776 315.468 314.8584 314.2488 313.6392 313.3344
329.1418 329.3552 329.2696 329.4888 331.0128 331.9272 333.1464 334.0608 335.28 336.1944 336.804 337.1088 337.1088 337.1088 336.804 336.4992 336.1944 335.5848 334.9752 334.6704 334.3656 334.0608 334.0608 335.3656 335.6704 335.9752 336.28 335.8896 336.1944 337.1944 337.1944 336.8896 336.28 335.6704 333.756 332.5368 331.3176 330.0984 329.184 327.9648 326.7456 325.5264 324.3072 323.088 322.4784 321.8688 320.9544 320.6496 320.04 319.4304 319.1256 318.8208 318.516 317.9064 317.2968 316.992 316.6872 316.3824 316.0776 315.468 314.8584 314.2488 313.6392
