data/outLocal.txt
ncols     180
nrows     180
xllcorner  0.0
yllcorner   0.0
cellsize    20.0
NODATA_value -9999.0
[rows 140 to 167 of 180, columns 63 to 125 of 180]
301.752 300.5328 300.3804 300.228 303.228 303.228 302.9232 299.9232 299.9232 299.9232 299.9232 299.9232 299.6184 299.3136 299.0088 298.3992 297.7896 297.18 296.2656 295.656 294.7416 293.5224 292.608 291.9984 291.6936 291.084 290.7792 290.4744 290.1696 290.1696 289.8648 289.8648 289.56 289.56 288.798 289.2552 289.2552 288.9504 288.9504 288.6456 288.9504 289.2552 288.4932 288.4627 288.4323 291.4627 291.6456 291.9504 291.9504 292.2552 290.56 290.56 290.8648 290.8648 290.0172 290.0172 289.8648 289.56 289.56 289.2552 288.9504 291.9504 291.6456
301.752 300.8376 303.5328 303.228 302.9232 302.6184 302.6184 302.6184 299.6184 299.6184 299.6184 299.3136 299.3136 299.0088 298.704 298.0944 297.7896 296.8752 296.2656 295.656 294.7416 293.5224 292.608 291.9984 291.3888 290.7792 290.4744 290.1696 289.8648 289.8648 289.8648 289.7124 289.7124 288.9504 289.56 289.56 289.56 289.56 289.2552 289.2552 289.2552 289.4076 289.2552 288.6456 289.6456 289.4018 289.4932 289.6456 289.9504 290.2552 290.2552 290.56 290.56 290.8648 290.8648 290.9258 289.8648 289.5295 289.56 289.2552 289.2552 289.2552 288.9504
304.752 304.1424 303.5328 303.228 302.6184 302.3136 302.3136 302.0088 302.0088 299.0088 299.0088 299.0088 298.704 298.704 298.3992 297.7896 297.4848 296.8752 296.2656 295.3512 294.4368 293.5224 292.608 291.9984 291.3888 290.7792 290.1696 290.0172 289.8648 289.7124 289.56 289.56 289.56 289.2552 289.56 289.7124 292.4556 289.8648 289.56 289.56 289.56 289.56 290.4076 290.1028 289.6456 289.6456 289.3713 289.6456 289.6456 289.9504 290.2552 290.2552 290.56 290.56 290.8648 290.8648 290.8648 292.499 292.56 292.56 292.56 292.56 292.2552
305.0568 304.1424 303.5328 302.9232 302.6184 302.3136 302.0088 301.704 301.704 301.3992 298.3992 298.3992 298.0944 298.0944 297.7896 297.18 296.8752 296.2656 295.656 295.0464 294.4368 293.5224 292.608 291.9984 291.3888 290.7792 290.4744 290.1696 289.8648 289.56 289.499 289.4686 289.4076 289.4076 289.56 289.8648 289.8648 290.1696 289.8648 289.8648 290.8648 290.56 290.56 290.2552 289.9504 289.6456 289.6456 289.3408 289.4932 289.9504 289.9504 290.2552 290.2552 290.56 290.56 290.8648 290.7429 292.4686 292.4686 292.499 292.5295 292.8648 292.56
305.0568 304.1424 303.5328 302.9232 302.3136 302.0088 301.704 301.3992 301.0944 301.0944 300.7896 297.7896 297.4848 297.18 296.8752 296.5704 296.2656 295.656 295.3512 294.7416 294.132 293.2176 292.608 291.9984 291.3888 291.084 290.4744 290.1696 289.8648 289.7124 289.56 289.499 289.4381 289.56 289.621 289.8648 290.1696 290.1086 290.1696 291.1696 291.1696 290.8648 290.8648 290.56 290.2552 289.9504 289.798 289.4323 289.3103 289.6456 289.9504 289.9504 290.2552 290.2552 290.56 290.56 290.6819 292.4381 292.5295 292.56 292.8648 292.8648 292.8648
305.0568 304.1424 303.5328 302.9232 302.3136 302.0088 301.704 301.2468 301.0944 300.7896 300.4848 297.18 296.8752 296.5704 296.2656 295.9608 295.656 295.3512 294.7416 294.4368 293.8272 293.2176 292.608 291.9984 291.6936 291.084 290.7792 290.1696 289.8648 289.8648 289.7124 289.56 289.5295 289.56 289.6514 289.8648 290.1086 290.4744 290.4744 291.4744 291.4744 291.1696 291.1696 290.8648 290.56 289.9504 289.6456 289.4932 289.4018 289.2798 289.3408 289.798 289.9504 290.2552 290.2552 290.56 290.56 292.3466 292.56 292.8648 292.8648 293.1696 293.1696
305.0568 304.4472 303.8376 303.228 302.6184 302.0088 301.704 301.3992 301.0944 300.7896 300.4848 300.18 296.5704 296.2656 295.9608 295.656 295.3512 295.0464 294.4368 294.132 293.5224 293.2176 292.608 291.9984 291.6936 291.084 290.7792 290.4744 290.1696 289.8648 289.8648 289.7124 289.56 289.5905 289.7124 289.7124 290.1696 290.4744 290.5354 290.5354 291.4744 291.4744 291.1696 291.1696 290.56 290.2552 289.9504 289.6456 289.4932 289.6456 289.2494 289.6456 289.6456 289.6456 289.9504 290.2552 290.2552 290.2552 292.2552 292.56 292.8648 293.1696 293.322
305.0568 304.4472 303.8376 303.228 302.9232 302.3136 301.704 301.3992 301.0944 300.7896 300.4848 299.8752 299.5704 295.9608 295.656 295.3512 295.0464 294.7416 294.132 293.8272 293.5224 292.9128 292.608 292.3032 291.6936 291.3888 290.7792 290.4744 290.1696 290.1696 289.8648 289.7124 289.6819 289.6514 289.7124 289.8648 290.1696 290.4744 290.6268 290.6268 290.7792 291.4744 291.4744 291.1696 290.8648 290.56 289.9504 289.9504 289.6456 289.6456 289.3408 289.2189 289.4018 289.3408 289.6456 289.6456 289.9504 289.9504 290.2552 292.56 292.8648 293.1696 293.4744
305.0568 304.4472 303.8376 303.5328 302.9232 302.6184 302.0088 301.3992 301.0944 300.7896 300.4848 299.8752 299.5704 298.9608 295.3512 295.0464 294.7416 294.4368 294.132 293.5224 293.2176 292.9128 292.608 292.3032 291.6936 291.3888 291.084 290.4744 290.4744 290.1696 289.8648 289.7124 289.7124 289.7124 289.8648 289.8648 290.1696 290.4744 290.6268 290.7182 290.7792 290.7792 291.4744 291.4744 291.1696 290.56 290.2552 289.9504 289.6456 289.4932 289.3408 289.2798 289.1884 289.2798 289.3408 289.3408 289.6456 289.6456 289.9504 292.2552 292.8648 293.1696 293.4744
305.0568 304.4472 304.1424 303.8376 303.5328 303.228 302.6184 302.0088 301.704 301.3992 301.0944 300.4848 299.8752 298.9608 298.656 298.3512 298.0464 297.4368 297.132 296.5224 296.2176 295.9128 292.608 292.3032 291.9984 291.6936 291.3888 291.084 290.7792 290.4744 290.1696 289.8648 289.8648 289.8648 289.8648 290.1696 290.1696 290.4744 290.7792 290.8401 290.7792 290.7792 290.6268 291.4744 291.1696 290.8648 290.56 290.2552 289.9504 289.6456 289.3408 289.2494 289.2189 289.1579 289.2189 289.3408 289.3408 289.6456 289.6456 292.2552 292.56 292.8648 293.1696
305.9712 304.4472 304.1424 304.1424 304.1424 303.8376 303.228 302.9232 302.6184 302.0088 301.704 301.0944 300.18 299.5704 298.9608 298.656 298.0464 297.7416 297.132 296.8272 296.5224 296.2176 295.9128 295.3032 294.9984 294.6936 291.6936 291.3888 291.084 290.7792 290.4744 290.1696 290.1696 290.1696 290.1696 290.1696 290.4744 290.6268 290.7792 290.8706 290.9011 290.8401 290.7792 290.4744 291.4744 291.1696 290.8648 290.56 290.2552 289.6456 289.6456 289.3408 289.2798 289.2189 289.1274 289.2189 289.3408 289.3408 291.6456 291.9504 292.2552 292.8648 293.1696
307.1904 304.4472 304.4472 304.752 305.0568 304.752 304.1424 303.5328 303.228 302.9232 302.3136 301.704 300.7896 299.8752 299.5704 298.9608 298.656 298.0464 297.4368 296.8272 296.5224 296.2176 295.9128 295.608 295.3032 294.9984 294.6936 291.6936 291.3888 291.084 290.7792 290.4744 290.4744 290.4744 290.4744 290.4744 290.4744 290.7792 290.9316 290.9621 292.084 291.9316 290.7792 290.7792 291.7792 291.4744 291.1696 290.8648 290.56 289.9504 289.9504 289.6456 289.3408 289.3408 289.2189 289.097 289.1884 291.3408 291.3408 291.6456 291.9504 292.56 292.8648
303.8856 308.4096 307.1904 305.6664 305.9712 305.3616 305.0568 304.4472 304.1424 303.8376 303.228 302.3136 301.3992 300.4848 300.18 299.5704 299.2656 298.656 298.0464 297.4368 297.132 296.5224 296.2176 295.9128 295.608 295.3032 294.9984 294.6936 291.6936 291.3888 291.084 290.7792 290.7792 290.7792 290.7792 290.7792 291.084 291.084 291.084 292.084 292.145 292.084 292.084 292.3888 292.084 291.7792 291.4744 291.1696 290.8648 290.56 290.2552 289.9504 289.9504 289.6456 289.3408 289.3408 291.0665 291.1884 291.036 291.3408 291.6456 291.9504 292.2552
304.1904 305.7144 308.4096 308.1048 306.8856 306.276 305.9712 305.3616 305.0568 304.752 304.1424 303.228 302.3136 301.0944 300.7896 300.4848 299.8752 299.2656 298.656 298.0464 297.4368 297.132 296.5224 296.2176 295.9128 295.3032 295.3032 294.9984 294.6936 294.6936 291.3888 291.3888 291.3888 291.084 291.084 291.3888 291.3888 291.3888 291.3888 292.3888 292.3888 292.3888 292.6936 292.6936 292.3888 292.084 291.7792 291.4744 291.4744 291.1696 290.8648 290.56 290.2552 289.9504 289.6456 291.4932 291.3408 291.036 290.8836 291.036 291.036 291.3408 291.6456
304.4952 305.7144 305.4096 308.1048 307.8 307.1904 306.8856 306.276 305.9712 305.6664 305.3616 304.1424 303.228 302.0088 301.3992 301.0944 300.7896 300.18 299.5704 298.656 298.0464 297.4368 297.132 296.5224 296.2176 295.9128 295.608 295.3032 294.9984 294.9984 294.6936 294.6936 291.6936 291.6936 291.6936 291.6936 291.9984 291.9984 291.9984 292.9984 292.6936 292.9984 293.3032 293.3032 292.9984 292.6936 292.3888 292.084 292.084 291.7792 291.4744 291.1696 290.8648 290.56 292.2552 291.6456 291.3408 291.036 290.7312 290.7312 290.7312 290.7312 291.036
306.9336 304.6476 306.324 309.0192 308.7144 308.4096 307.8 307.4952 307.4952 307.1904 306.8856 305.6664 304.4472 303.228 302.6184 302.3136 301.704 301.0944 300.18 299.5704 298.9608 298.3512 297.7416 297.132 296.8272 296.5224 296.2176 295.9128 295.608 295.3032 295.3032 295.3032 295.3032 292.3032 292.3032 292.3032 292.608 292.9128 292.9128 292.608 293.608 293.9128 293.9128 294.2176 293.9128 293.3032 292.9984 292.9984 292.6936 292.6936 292.3888 292.084 291.4744 291.1696 290.8648 292.2552 291.6456 291.3408 290.7312 290.4264 290.4264 290.4264 290.4264
307.5432 307.5432 307.2384 309.9336 309.6288 309.324 309.0192 308.7144 308.7144 308.7144 308.4096 307.1904 305.6664 304.4472 303.8376 303.228 302.6184 302.0088 301.3992 300.4848 299.8752 299.2656 298.656 298.0464 297.7416 297.132 296.8272 296.5224 296.2176 295.9128 295.9128 295.9128 295.9128 292.9128 293.2176 293.2176 293.5224 293.8272 293.8272 293.5224 293.5224 294.8272 294.8272 295.132 294.8272 294.2176 293.9128 293.9128 293.608 293.608 293.3032 292.6936 292.3888 291.7792 293.4744 292.8648 292.2552 291.3408 290.7312 290.4264 290.1216 289.8168 289.8168
308.1528 308.1528 311.1528 310.848 310.5432 310.2384 310.2384 309.9336 309.9336 309.9336 309.6288 308.4096 307.1904 305.6664 305.0568 304.4472 303.8376 302.9232 302.3136 301.3992 300.7896 300.18 299.5704 298.9608 298.656 298.0464 297.4368 297.132 296.8272 296.5224 296.5224 293.5224 293.5224 293.8272 293.8272 294.132 294.4368 294.4368 294.4368 294.4368 294.4368 294.4368 295.7416 295.7416 295.4368 295.132 294.8272 294.8272 294.5224 294.2176 293.9128 293.608 292.9984 292.6936 294.084 293.4744 292.56 291.6456 291.036 290.4264 289.8168 289.512 289.4815
311.4576 311.7624 311.7624 311.4576 311.4576 311.1528 310.848 310.848 310.848 310.5432 310.2384 309.324 308.1048 306.8856 305.9712 305.3616 304.752 304.1424 303.228 302.6184 301.704 301.0944 300.4848 299.8752 299.5704 298.9608 298.3512 298.0464 297.4368 297.4368 297.4368 297.132 294.4368 294.4368 294.4368 294.7416 295.0464 295.0464 295.0464 295.0464 295.0464 295.0464 296.3512 296.3512 296.0464 295.7416 295.7416 295.4368 295.4368 295.132 294.8272 294.2176 293.9128 295.3032 294.6936 294.084 293.1696 292.2552 291.3408 290.7312 290.1216 289.512 289.3901
311.7624 312.0672 312.0672 312.0672 312.0672 312.0672 311.7624 311.7624 311.4576 311.1528 310.5432 309.9336 308.7144 307.8 307.1904 306.5808 305.6664 305.0568 304.1424 303.5328 302.9232 302.0088 301.3992 300.7896 300.4848 299.8752 299.2656 298.9608 298.3512 298.3512 298.0464 298.0464 295.0464 295.0464 295.0464 298.3512 298.3512 298.656 295.656 295.656 295.656 295.656 295.656 295.656 296.656 296.656 296.3512 296.3512 296.0464 295.7416 295.4368 297.132 296.8272 296.2176 295.608 294.6936 293.7792 292.8648 291.6456 291.036 290.4264 289.8168 289.3291
312.372 312.372 312.6768 312.6768 312.9816 312.6768 312.6768 312.372 312.0672 311.7624 311.1528 310.2384 309.324 308.7144 308.1048 307.4952 306.5808 305.9712 305.0568 304.4472 303.5328 302.9232 302.3136 301.704 301.0944 300.7896 300.18 299.5704 299.2656 298.9608 298.9608 295.656 295.656 295.656 298.656 298.656 298.9608 298.9608 298.9608 298.9608 296.2656 296.2656 296.2656 296.2656 296.2656 296.9608 296.9608 296.9608 298.9608 298.656 298.3512 298.0464 297.7416 297.132 296.2176 295.608 294.6936 293.4744 292.2552 291.6456 290.7312 290.1216 289.512
312.6768 312.6768 312.9816 313.2864 313.2864 313.2864 313.2864 312.9816 312.6768 312.0672 311.4576 310.5432 309.9336 309.0192 308.4096 308.1048 307.4952 306.5808 305.6664 304.752 304.1424 303.5328 303.228 302.6184 302.0088 301.3992 300.7896 300.4848 299.8752 299.8752 299.5704 299.2656 299.2656 299.2656 299.2656 299.2656 299.2656 299.2656 299.2656 299.2656 299.2656 296.2656 296.2656 296.2656 296.2656 297.2656 297.2656 299.2656 299.2656 299.2656 298.9608 298.9608 298.656 298.0464 297.132 296.5224 295.608 294.3888 293.4744 292.56 291.6456 290.7312 290.1216
312.9816 313.2864 313.2864 313.5912 313.896 313.5912 313.5912 313.2864 312.9816 312.372 311.7624 311.1528 310.2384 309.324 309.0192 308.4096 307.8 306.8856 305.6664 304.752 304.4472 304.1424 303.8376 303.228 302.6184 302.0088 301.3992 301.0944 300.7896 300.4848 300.18 299.8752 299.8752 299.8752 299.8752 296.8752 296.8752 296.8752 299.5704 299.5704 299.2656 299.2656 295.9608 295.9608 295.9608 296.2656 299.5704 299.5704 299.8752 299.8752 299.8752 299.5704 299.5704 298.9608 298.3512 297.4368 296.5224 295.608 294.3888 293.4744 292.56 291.6456 290.7312
313.2864 313.5912 313.896 313.896 314.2008 313.896 313.896 313.5912 312.9816 312.6768 312.0672 311.4576 310.5432 309.6288 309.324 308.7144 308.4096 307.1904 305.9712 305.0568 304.4472 304.4472 304.4472 303.8376 303.228 302.6184 302.0088 301.704 301.0944 301.0944 300.7896 300.4848 300.4848 297.4848 297.4848 297.18 297.18 296.8752 296.8752 299.5704 299.2656 298.9608 298.9608 298.8084 295.9608 299.2656 299.5704 299.8752 300.18 300.18 300.4848 300.4848 300.4848 299.8752 299.2656 298.3512 297.4368 296.5224 295.608 294.3888 293.4744 292.2552 291.3408
313.5912 313.5912 313.896 314.2008 314.2008 314.2008 313.896 313.5912 313.2864 312.6768 312.0672 311.4576 310.5432 309.6288 309.0192 308.7144 308.1048 306.8856 305.6664 304.752 304.4472 304.1424 303.8376 303.5328 302.9232 302.6184 302.0088 301.704 301.3992 301.0944 300.7896 300.7896 297.6372 297.5458 297.4848 297.4848 297.18 297.18 296.8752 296.5704 299.2656 298.9608 298.7779 298.7474 298.9608 299.2656 299.5704 299.8752 300.18 300.4848 300.7896 301.0944 301.3992 300.7896 300.18 299.2656 298.3512 297.4368 296.8272 295.608 294.3888 293.4744 292.56
313.5912 313.896 313.896 314.2008 314.2313 314.2008 313.896 313.5912 313.2864 312.6768 312.0672 311.1528 310.2384 309.6288 308.7144 308.4096 307.4952 306.5808 305.3616 304.4472 303.8376 303.5328 301.228 300.9232 300.6184 300.3136 302.0088 301.3992 301.0944 301.0944 300.942 297.7896 297.7896 297.4848 297.4848 297.4848 297.18 296.8752 296.8752 296.5704 296.2656 295.9608 295.656 298.656 298.9608 299.2656 299.8752 300.18 300.4848 300.7896 301.0944 301.704 302.0088 301.704 300.7896 300.18 299.2656 298.656 297.7416 296.8272 295.608 294.3888 293.4744
313.5912 313.896 314.3532 314.2008 314.2008 314.2008 313.896 313.5912 313.2864 312.6768 311.7624 311.1528 310.2384 309.324 308.4096 307.8 306.8856 305.9712 305.0568 303.8376 303.5328 300.9232 300.6184 300.3136 300.3136 300.0088 299.704 301.0944 300.7896 300.7896 300.7896 297.7896 297.7896 297.4848 297.18 297.18 296.8752 296.5704 296.2656 296.2656 295.9608 295.656 295.3512 295.0464 295.3512 298.9608 299.5704 299.8752 300.18 300.4848 301.0944 302.0088 302.3136 302.0088 301.3992 300.4848 299.8752 299.2656 298.656 297.7416 296.5224 295.608 294.3888
313.5912 313.896 313.9265 313.896 314.2008 313.896 313.5912 313.2864 312.6768 312.0672 311.4576 310.848 309.9336 309.0192 308.1048 307.1904 306.276 305.3616 304.1424 303.228 300.6184 300.0088 299.704 299.3992 299.3992 299.0944 298.7896 300.18 299.8752 299.8752 299.8752 299.8752 296.8752 296.5704 296.5704 296.2656 295.656 295.3512 295.3512 295.0464 295.0464 294.4368 294.132 293.8272 294.132 297.4368 298.0464 298.3512 298.656 298.9608 299.8752 300.7896 301.3992 301.3992 300.7896 300.4848 300.18 299.5704 298.9608 298.0464 297.132 295.9128 294.9984
