data/outLocal.txt
ncols     180
nrows     180
xllcorner  0.0
yllcorner   0.0
cellsize    20.0
NODATA_value -9999.0
[rows 140 to 167 of 180, columns 0 to 62 of 180]
301.0944 301.704 304.4472 307.8 310.5432 312.6768 314.5056 316.3344 318.468 320.2968 321.8208 323.04 323.9544 324.8688 325.4784 326.088 326.6976 327.0024 327.612 328.2216 328.2216 325.2216 325.2216 325.2216 324.9168 324.612 324.0024 323.3928 322.7832 322.1736 321.8688 321.2592 320.9544 320.6496 320.04 319.7352 319.7352 319.4304 318.8208 318.2112 320.9064 320.2968 319.6872 319.0776 318.468 317.5536 316.944 316.3344 315.7248 315.1152 314.5056 314.2008 313.5912 313.2864 312.9816 312.372 312.0672 311.4576 311.1528 309.9336 309.0192 307.8 306.276
298.656 299.2656 301.704 304.752 307.8 310.2384 312.372 314.5056 316.3344 318.1632 319.992 321.2112 322.7352 323.6496 324.564 325.1736 325.4784 326.088 326.6976 327.3072 327.3072 324.3072 324.3072 324.3072 324.0024 323.6976 323.3928 322.7832 322.1736 321.8688 321.564 321.2592 320.9544 320.6496 320.3448 320.04 319.7352 319.4304 319.1256 321.8208 321.2112 320.6016 320.2968 319.3824 318.7728 317.8584 316.944 316.3344 315.7248 315.1152 314.5056 313.896 313.5912 313.2864 312.6768 312.372 311.7624 311.1528 310.5432 309.324 308.1048 307.1904 305.9712
296.8272 297.132 299.5704 302.3136 305.0568 307.8 309.9336 312.372 314.2008 316.0296 317.8584 319.6872 321.2112 322.7352 323.3448 323.9544 324.564 325.1736 325.7832 326.3928 326.3928 323.6976 323.6976 323.3928 323.3928 323.088 322.7832 322.1736 321.8688 321.564 321.2592 320.9544 320.6496 320.6496 320.3448 320.1924 320.04 319.7352 319.4304 322.1256 321.8208 321.2112 320.6016 319.992 319.0776 318.1632 317.2488 316.6392 316.0296 315.1152 314.5056 313.896 313.2864 312.9816 312.6768 312.372 311.4576 310.848 309.9336 309.0192 307.8 306.5808 305.6664
295.9128 296.2176 298.0464 300.4848 302.9232 305.3616 308.1048 310.5432 312.6768 314.5056 316.3344 318.1632 319.6872 320.9064 321.8208 322.7352 323.6496 324.2592 324.564 322.1736 322.4784 322.4784 322.7832 322.7832 322.4784 322.1736 322.1736 321.8688 321.564 321.2592 320.9544 320.6496 320.6496 320.3448 320.3448 320.1924 320.04 319.7352 319.7352 319.4304 319.1256 321.516 320.9064 320.2968 319.6872 318.7728 317.8584 316.944 316.3344 315.42 314.8104 313.896 313.2864 312.9816 312.6768 312.372 311.4576 310.848 309.9336 309.0192 307.8 306.5808 305.6664
292.3032 295.608 297.132 298.9608 301.0944 303.5328 305.9712 308.7144 310.848 312.9816 315.1152 316.6392 317.8584 319.0776 320.2968 321.516 322.4304 323.04 323.6496 320.9544 321.2592 321.564 321.8688 321.8688 321.564 321.564 321.2592 321.2592 320.9544 320.9544 320.6496 320.3448 320.3448 320.3448 320.04 320.04 320.04 320.04 319.7352 319.7352 319.4304 318.8208 321.2112 320.6016 319.992 319.0776 318.1632 317.5536 316.6392 315.7248 314.8104 314.2008 313.5912 313.2864 312.6768 312.372 311.7624 310.848 309.9336 309.0192 308.1048 306.8856 305.9712
294.9984 292.3032 296.2176 297.7416 299.2656 301.704 304.4472 306.8856 309.324 311.4576 313.5912 315.1152 316.0296 317.5536 318.7728 320.2968 318.516 319.1256 319.4304 319.7352 320.04 320.6496 320.9544 320.9544 320.9544 320.6496 320.6496 320.6496 320.6496 320.3448 320.3448 320.1924 320.1924 320.1924 320.0095 320.0095 320.0095 320.04 320.04 319.7352 319.4304 319.1256 318.8208 321.2112 320.2968 319.6872 318.7728 317.8584 316.944 316.0296 315.42 314.5056 313.896 313.2864 312.6768 312.372 311.7624 310.848 310.2384 309.0192 308.1048 306.8856 305.9712
294.3888 294.6936 292.9128 297.132 298.656 300.7896 302.9232 305.0568 307.4952 309.6288 311.7624 313.2864 314.5056 315.7248 317.2488 318.7728 319.992 317.6016 318.2112 318.516 319.1256 319.4304 319.7352 320.04 320.04 320.04 320.3448 320.3448 320.3448 320.3448 320.2229 320.1619 320.1619 320.1619 320.0095 319.9791 319.9791 320.0095 320.04 320.04 319.7352 319.4304 319.1256 318.516 320.9064 319.992 319.3824 318.468 317.5536 316.6392 315.7248 315.1152 314.2008 313.5912 312.9816 312.6768 311.7624 311.1528 310.2384 309.0192 308.1048 306.8856 305.9712
294.3583 294.3888 295.3032 293.8272 298.3512 299.8752 301.704 303.5328 305.6664 307.8 309.6288 311.1528 312.6768 314.2008 315.7248 317.2488 315.468 316.0776 316.6872 317.2968 317.9064 318.516 318.8208 319.1256 319.4304 319.7352 319.7352 320.04 320.04 320.04 320.101 320.101 320.101 320.101 320.0095 319.9791 319.9485 319.9791 320.0095 320.04 319.7352 319.7352 319.4304 318.8208 321.2112 320.6016 319.6872 318.7728 318.1632 317.2488 316.3344 315.42 314.8104 313.896 313.2864 312.6768 312.0672 311.1528 310.2384 309.0192 307.8 306.5808 305.6664
292.3279 294.3583 294.9984 296.5224 295.0464 296.2656 300.7896 302.3136 304.1424 305.9712 307.8 309.6288 311.1528 312.6768 314.2008 315.42 313.6392 314.5536 315.468 316.0776 316.6872 317.2968 317.9064 318.2112 318.8208 319.1256 319.4304 319.7352 319.7352 320.04 320.04 320.04 320.04 320.04 319.8876 319.8876 319.8876 319.9181 319.9485 320.04 320.04 319.7352 319.7352 319.4304 318.516 320.9064 320.2968 319.3824 318.468 317.8584 316.944 316.0296 315.1152 314.5056 313.5912 312.9816 312.0672 311.1528 310.2384 309.0192 307.8 306.5808 305.6664
292.2974 292.2974 294.9984 296.5224 295.0464 296.2656 297.4848 298.704 303.228 305.0568 306.8856 308.4096 309.9336 311.4576 312.6768 314.2008 312.42 313.3344 313.944 314.8584 315.468 316.0776 316.6872 317.2968 317.9064 318.516 318.8208 319.1256 319.4304 319.4304 319.4304 319.7352 319.7352 319.7352 319.7352 319.8267 319.8267 319.8571 319.8571 319.8571 320.04 320.04 319.7352 319.4304 318.8208 318.2112 317.6016 319.6872 319.0776 318.1632 317.2488 316.3344 315.42 314.5056 313.896 312.9816 312.372 311.4576 310.848 306.6288 308.4096 307.1904 306.276
292.2059 292.2364 293.3032 294.5224 294.7416 295.9608 297.18 298.704 299.9232 301.4472 305.9712 307.4952 308.7144 310.2384 311.4576 312.6768 310.896 311.8104 312.7248 313.6392 314.2488 315.1632 315.7728 316.3824 317.2968 317.9064 318.2112 318.516 318.8208 321.8208 322.1256 322.1256 319.4304 319.4304 319.7352 319.7352 319.7961 319.8267 319.8267 319.8876 319.8571 320.04 319.7352 319.4304 319.1256 318.516 317.9064 316.992 316.3824 315.468 314.5536 316.6392 315.42 314.8104 313.896 313.2864 312.6768 312.0672 308.4576 310.2384 309.6288 309.1411 308.1048
292.1754 292.3888 293.3032 294.5224 295.7416 295.9608 297.18 298.3992 299.6184 300.8376 302.0568 303.5808 307.8 309.0192 310.2384 308.4576 309.372 310.5912 311.5056 312.42 313.0296 313.944 314.5536 315.468 316.3824 317.2968 317.6016 317.9064 321.2112 321.2112 321.516 321.8208 318.8208 319.1256 319.4304 319.4304 319.7352 319.7961 319.8267 319.8267 319.7961 320.04 319.7352 319.7352 319.1256 318.516 317.9064 317.2968 316.3824 315.7728 314.5536 313.6392 312.7248 311.8104 310.896 310.2864 309.6768 309.372 311.7624 310.848 306.6288 309.324 309.324
292.145 292.3888 293.3032 294.5224 295.7416 298.656 296.8752 297.7896 299.0088 300.228 301.4472 302.6664 303.8856 305.1048 306.0192 307.2384 308.1528 309.372 310.2864 311.2008 312.1152 312.7248 313.6392 314.5536 315.468 316.3824 316.6872 319.992 320.2968 320.6016 320.9064 321.2112 321.516 318.516 318.8208 319.1256 319.4304 319.7352 319.7657 319.7961 319.7657 319.7961 319.7657 319.7352 319.1256 318.516 317.9064 317.2968 316.3824 315.468 314.5536 313.3344 312.42 311.5056 310.896 309.9816 309.6768 312.0672 311.7624 310.848 307.2384 306.0192 305.1048
292.1145 292.3888 293.3032 296.2176 297.4368 298.3512 299.5704 297.4848 298.3992 299.6184 300.8376 302.0568 302.9712 304.1904 305.1048 306.0192 307.2384 308.1528 309.0672 309.9816 310.896 311.8104 312.42 313.3344 314.5536 315.1632 318.7728 319.0776 319.6872 319.992 320.2968 320.6016 320.9064 317.9064 318.2112 318.516 319.1256 319.4304 319.7352 319.7352 319.7657 319.7657 319.7352 319.7352 319.1256 318.516 317.9064 316.992 316.0776 315.468 314.2488 313.3344 312.1152 311.2008 310.5912 309.6768 312.372 311.7624 311.4576 311.1528 307.5432 306.9336 306.0192
292.084 294.084 294.9984 296.2176 297.4368 298.0464 298.9608 299.8752 298.0944 299.0088 300.228 301.1424 302.3616 303.276 304.1904 305.1048 306.0192 306.9336 307.848 308.7624 309.6768 310.5912 311.5056 312.42 313.3344 317.2488 317.8584 318.1632 318.7728 319.0776 319.3824 319.992 320.2968 320.2968 317.6016 318.2112 318.8208 319.4304 319.4304 319.7352 319.7352 319.7352 319.7352 319.4304 319.1256 318.516 317.9064 316.992 316.0776 315.1632 313.944 313.0296 311.8104 311.2008 310.2864 312.6768 312.0672 311.7624 311.3052 311.1528 307.848 307.5432 306.9336
291.7792 293.7792 294.6936 295.9128 296.8272 297.7416 298.3512 299.2656 300.18 298.3992 299.3136 300.228 301.1424 302.0568 302.9712 303.8856 304.8 305.4096 306.324 307.2384 308.4576 309.6768 310.5912 311.8104 315.7248 316.6392 317.2488 317.5536 317.8584 318.468 318.7728 319.0776 319.6872 319.992 317.2968 317.9064 318.516 319.1256 319.4304 319.4304 319.4304 319.4304 319.4304 319.4304 318.8208 318.2112 317.6016 316.6872 315.7728 314.8584 313.6392 312.7248 311.5056 310.896 312.9816 312.372 312.0672 311.4576 311.3052 311.1528 307.848 307.848 307.5432
291.1696 291.4744 294.3888 295.3032 296.2176 297.132 298.0464 298.656 296.5704 297.4848 298.3992 299.3136 300.228 300.8376 301.752 302.6664 303.276 304.1904 304.8 305.7144 307.2384 308.4576 309.6768 310.896 315.1152 316.0296 316.3344 316.6392 316.944 317.5536 317.8584 318.468 318.7728 316.3824 316.992 317.6016 318.2112 318.8208 319.1256 319.1256 319.4304 319.1256 319.1256 319.1256 318.516 317.9064 317.2968 316.3824 315.468 314.5536 313.6392 312.42 311.5056 313.5912 312.9816 312.372 312.0672 311.7624 311.4576 311.1528 311.0004 307.848 307.848
290.8648 290.8648 291.7792 294.6936 295.608 296.5224 297.132 295.0464 295.9608 296.8752 297.7896 301.3992 302.0088 299.6184 300.5328 301.4472 302.0568 302.9712 303.5808 304.4952 306.0192 307.5432 309.0672 310.2864 311.5056 315.42 315.7248 316.0296 316.3344 316.6392 317.2488 314.5536 315.1632 315.7728 316.3824 316.992 317.9064 318.516 318.8208 318.8208 319.1256 319.1256 318.8208 318.8208 318.2112 317.6016 316.992 316.0776 315.1632 314.2488 313.3344 312.1152 311.2008 313.5912 312.9816 312.372 312.0672 311.7624 311.4576 311.1528 311.1528 308.0004 308.1528
289.6456 289.9504 292.8648 294.084 294.9984 295.9128 296.5224 297.132 295.0464 298.9608 299.8752 300.7896 301.0944 302.0088 302.6184 303.228 301.1424 302.0568 302.9712 303.8856 305.4096 306.9336 308.4576 309.6768 310.5912 311.5056 311.8104 315.1152 315.42 313.0296 313.3344 313.944 314.5536 315.1632 315.7728 316.6872 317.2968 318.2112 318.516 318.516 318.8208 318.8208 318.516 318.516 317.9064 317.2968 316.3824 315.7728 314.8584 313.944 313.0296 312.1152 311.2008 313.5912 313.2864 312.6768 312.372 312.0672 311.7624 311.4576 311.4576 311.1528 311.4576
290.4264 290.7312 291.6456 292.8648 294.084 294.9984 295.608 296.2176 297.132 298.3512 299.2656 299.8752 300.4848 301.0944 301.704 302.6184 303.228 304.1424 305.3616 306.276 304.8 306.6288 308.1528 309.0672 309.9816 310.5912 310.896 311.2008 311.8104 312.1152 312.7248 313.3344 313.944 314.5536 315.1632 316.0776 316.6872 317.6016 317.9064 318.2112 318.516 318.516 318.2112 318.2112 317.6016 316.6872 316.0776 315.1632 314.5536 313.6392 312.7248 312.1152 314.2008 313.896 313.2864 312.9816 312.6768 312.372 312.0672 311.7624 311.7624 311.7624 311.7624
289.2072 289.512 290.4264 291.9504 293.1696 293.7792 294.3888 294.9984 296.2176 297.4368 298.3512 299.2656 299.5704 300.18 300.7896 301.704 302.3136 303.5328 304.4472 305.6664 307.1904 306.0192 308.5432 309.4576 310.0672 310.6768 311.2864 310.5912 310.896 311.5056 312.1152 312.7248 313.3344 313.944 314.5536 315.468 316.0776 316.992 317.2968 317.9064 318.2112 318.2112 317.9064 317.9064 317.2968 316.3824 315.7728 315.1632 314.2488 313.3344 312.7248 312.1152 314.2008 313.896 313.5912 313.2864 312.9816 312.6768 312.372 312.372 312.0672 312.0672 312.0672
287.988 288.2928 289.2072 290.7312 291.9504 292.56 293.1696 293.7792 294.9984 296.2176 297.4368 298.3512 298.9608 299.5704 300.18 300.7896 301.704 302.3136 303.5328 304.4472 306.276 308.1048 307.6288 308.5432 309.4576 310.0672 310.6768 310.9816 311.5912 312.2008 312.8104 313.42 313.0296 313.6392 314.2488 314.8584 315.7728 316.3824 316.992 317.2968 317.6016 317.6016 317.6016 317.2968 316.6872 316.0776 315.468 314.8584 314.2488 313.6392 313.0296 315.1152 314.5056 314.2008 313.896 313.5912 313.2864 312.9816 312.6768 312.6768 312.372 312.372 312.6768
286.464 286.7688 287.988 289.2072 290.4264 291.3408 291.9504 292.8648 293.7792 295.3032 296.5224 297.4368 298.0464 298.656 299.2656 300.18 300.7896 301.3992 302.3136 303.228 305.0568 306.8856 306.7144 307.6288 308.5432 309.4576 310.0672 310.6768 311.2864 311.896 312.5056 313.1152 315.7248 316.3344 316.6392 317.5536 318.1632 316.0776 316.3824 316.6872 316.992 316.992 316.992 316.6872 316.3824 315.7728 315.468 314.8584 314.2488 313.6392 313.0296 312.7248 315.1152 314.5056 314.2008 313.896 313.5912 313.2864 312.9816 312.9816 312.6768 312.6768 312.9816
285.2448 285.5496 286.7688 287.988 289.2072 290.1216 290.7312 291.6456 292.8648 294.3888 295.608 296.5224 297.132 298.0464 298.656 299.2656 299.8752 300.4848 301.3992 302.3136 303.8376 303.9712 305.4952 306.7144 307.9336 308.848 309.4576 310.372 310.9816 311.5912 314.2008 314.8104 315.42 315.7248 316.3344 316.944 317.8584 318.468 315.7728 316.0776 316.3824 316.3824 316.3824 316.3824 316.0776 315.468 315.1632 314.8584 314.2488 313.944 313.3344 312.7248 312.42 314.8104 314.5056 314.2008 313.896 313.5912 313.2864 312.9816 312.9816 312.9816 313.2864
284.3304 284.6352 285.5496 287.0736 288.2928 289.2072 290.1216 291.036 292.2552 293.4744 294.6936 295.608 296.5224 297.4368 298.0464 298.656 299.5704 300.18 301.0944 302.0088 303.5328 303.0568 304.5808 306.1048 307.324 308.5432 309.1528 310.0672 312.6768 313.2864 313.896 314.5056 314.8104 315.42 315.7248 316.3344 317.2488 317.8584 318.1632 318.468 315.7728 316.0776 315.7728 315.7728 315.468 315.1632 314.8584 314.5536 314.2488 313.6392 313.3344 312.7248 315.42 314.8104 314.5056 314.2008 313.896 313.5912 313.2864 313.2864 313.2864 313.134 313.2864
283.416 283.416 284.6352 286.1592 287.6832 288.9024 289.8168 290.7312 291.9504 293.1696 294.084 294.9984 295.9128 296.8272 297.4368 298.3512 298.9608 299.8752 301.0944 302.0088 301.228 302.4472 303.6664 305.1904 306.7144 308.2384 309.1528 309.7624 310.372 312.9816 313.5912 313.896 314.5056 314.8104 315.1152 315.7248 316.6392 317.2488 317.5536 318.1632 318.468 315.468 315.468 315.468 315.1632 314.8584 314.8584 314.2488 313.944 313.6392 313.0296 315.7248 315.1152 314.8104 314.5056 314.2008 313.896 313.5912 313.4388 313.3474 313.2864 313.2864 313.2864
282.5016 282.8064 284.0256 285.5496 287.0736 288.2928 289.2072 290.4264 291.3408 292.56 293.4744 294.3888 295.3032 296.2176 297.132 298.0464 298.656 299.8752 300.7896 302.0088 300.9232 301.8376 303.0568 304.5808 306.1048 307.6288 308.5432 309.4576 310.0672 310.6768 312.9816 313.5912 313.896 314.2008 314.5056 315.1152 316.0296 316.6392 317.2488 317.5536 318.1632 318.1632 314.8584 314.8584 314.8584 314.5536 314.5536 314.2488 313.6392 316.3344 316.0296 315.42 315.1152 314.8104 314.2008 313.896 313.5912 313.2864 313.2864 313.2864 313.2864 313.2864 313.2864
282.1968 282.1968 283.416 284.94 286.464 287.6832 288.9024 290.1216 291.036 291.9504 293.1696 294.084 294.9984 295.9128 296.8272 297.7416 298.656 299.5704 300.7896 301.704 302.6184 301.5328 302.752 303.6664 304.8856 306.1048 307.324 308.5432 309.4576 310.0672 310.372 310.9816 313.2864 313.5912 313.896 314.5056 315.42 316.0296 316.6392 316.944 317.2488 317.5536 314.5536 314.5536 314.5536 314.5536 314.2488 314.2488 316.6392 316.3344 316.0296 315.42 314.8104 314.5056 313.896 313.5912 313.2864 312.9816 312.9816 312.9816 312.9816 312.9816 313.2864
