data/outLocal.txt
ncols     180
nrows     180
xllcorner  0.0
yllcorner   0.0
cellsize    20.0
NODATA_value -9999.0
[rows 84 to 111 of 180, columns 63 to 125 of 180]
297.0464 296.4368 294.4368 294.4368 294.4368 294.7416 294.7416 295.0464 295.3512 295.3512 295.656 295.9608 296.2656 296.5704 296.5704 296.8752 297.18 297.4848 297.7896 301.0944 301.3992 301.704 302.0088 302.3136 302.3136 302.3136 302.9232 303.8376 304.4472 305.3616 305.9712 306.5808 306.276 305.9712 305.3616 304.4472 303.228 302.3136 300.7896 299.5704 298.0464 296.5224 294.9984 293.1696 289.8168 285.8544 281.892 277.6248 272.748 268.4808 264.5184 260.8608 257.50800000000004 255.6792 254.1552 253.9114 253.1552 254.6792 256.20320000000004 258.032 260.1656 262.604 265.3472
297.9608 297.3512 297.3512 295.3512 295.3512 295.3512 295.656 295.9608 295.9608 296.2656 296.5704 296.8752 297.18 297.18 297.4848 297.4848 297.7896 298.0944 298.3992 298.704 302.0088 302.0088 302.3136 302.3136 302.466 302.6184 303.5328 304.4472 305.3616 306.8856 308.4096 309.6288 309.6288 309.6288 309.324 308.4096 306.8856 305.3616 303.5328 301.3992 299.5704 298.3512 297.132 295.3032 292.2552 288.9024 284.94 280.368 275.796 270.9192 266.652 262.6896 259.032 256.59360000000004 254.7648 254.0028 253.8809 252.9114 255.5936 257.72720000000004 259.556 261.6896 264.4328
299.18 298.5704 298.5704 298.5704 296.5704 296.5704 296.5704 296.8752 297.18 297.4848 297.7896 297.7896 298.0944 298.0944 298.0944 298.3992 298.704 298.704 299.0088 299.0088 299.0088 302.3136 302.3136 302.466 302.6184 302.9232 303.5328 304.4472 305.3616 306.8856 308.4096 309.6288 309.9336 309.9336 309.9336 309.0192 307.8 306.5808 304.752 302.6184 300.7896 299.5704 298.3512 296.8272 294.084 291.036 287.3784 282.8064 278.2344 273.3576 268.7856 264.2136 260.2512 257.81280000000004 255.6792 254.1552 254.1552 252.8504 254.6792 256.50800000000004 258.6416 260.7752 263.5184
300.704 300.0944 299.7896 299.7896 299.4848 299.7896 297.7896 298.0944 298.3992 301.704 302.0088 299.0088 299.0088 299.0088 299.0088 299.3136 299.3136 299.3136 299.3136 299.3136 299.3136 299.3136 299.466 302.466 302.6184 302.9232 303.5328 304.1424 305.0568 306.276 307.8 308.7144 309.0192 309.324 309.324 308.7144 308.1048 307.1904 305.3616 303.5328 301.704 300.4848 299.5704 298.0464 295.608 292.56 289.512 285.2448 280.368 275.796 270.9192 266.0424 261.7752 259.032 256.89840000000004 255.0696 254.46 252.8199 253.46 254.984 257.42240000000004 259.8608 262.2992
302.228 301.6184 301.3136 301.0088 300.704 298.704 301.704 299.0088 302.3136 302.6184 302.9232 302.9232 302.9232 302.9232 299.9232 299.9232 299.9232 299.9232 299.6184 299.6184 299.466 299.466 299.466 299.6184 302.6184 302.9232 303.5328 304.1424 305.0568 305.9712 307.1904 308.1048 308.4096 308.7144 308.7144 308.4096 308.1048 307.1904 305.9712 304.1424 302.6184 301.3992 300.18 298.9608 296.5224 294.084 291.036 286.7688 282.5016 277.6248 272.748 267.5664 262.9944 260.2512 257.81280000000004 255.984 254.7648 253.8504 252.7894 254.0696 256.20320000000004 258.6416 261.08
303.4472 302.5328 300.228 299.9232 299.6184 302.6184 302.6184 302.6184 302.6184 302.9232 303.228 303.228 303.228 303.228 303.228 303.228 300.228 300.228 299.9232 299.9232 299.6184 299.6184 299.6794 299.6184 299.7708 302.9232 303.5328 304.1424 304.752 305.6664 306.8856 307.4952 308.1048 308.1048 308.1048 307.8 307.4952 306.8856 305.6664 304.1424 302.6184 301.3992 300.4848 298.9608 296.8272 294.084 291.3408 287.3784 283.1112 278.844 273.9672 269.0904 264.8232 261.7752 259.032 256.89840000000004 255.0696 253.8504 252.759 253.46 255.2888 257.42240000000004 259.8608
304.6664 301.752 301.1424 300.8376 303.5328 303.228 303.228 302.9232 303.228 303.228 303.228 303.3194 303.3804 303.4414 303.5328 303.5328 303.5328 300.228 300.228 299.9232 299.9232 299.7708 299.7098 299.7403 299.7708 302.9232 303.5328 304.1424 304.752 305.6664 306.5808 307.1904 307.4952 307.8 307.4952 307.1904 306.8856 306.276 305.0568 303.8376 302.6184 301.3992 300.18 298.656 296.5224 293.7792 291.036 287.3784 283.416 279.4536 275.1864 270.6144 266.652 263.2992 260.556 257.81280000000004 255.6792 254.1552 253.7285 253.1552 254.6792 256.20320000000004 258.3368
305.8856 302.6664 302.0568 304.4472 304.1424 303.8376 303.5328 303.5328 303.5328 303.3804 303.3804 303.4414 303.5328 303.5328 303.5328 303.6852 303.5328 303.5328 300.228 300.228 299.9232 299.8622 299.8318 299.8622 299.8318 299.9232 300.5328 304.1424 304.752 305.6664 306.276 306.8856 307.1904 307.1904 306.8856 306.5808 305.9712 305.3616 304.4472 303.5328 302.3136 301.0944 299.8752 298.3512 296.2176 293.7792 291.036 287.6832 284.0256 280.368 276.4056 272.1384 268.176 264.8232 261.7752 258.72720000000004 256.59360000000004 254.46 253.698 252.8504 253.7648 254.984 257.11760000000004
306.4952 303.5808 302.9712 305.3616 304.752 304.4472 304.1424 303.8376 303.5328 303.5328 303.5328 303.5328 303.5328 303.8376 303.8376 303.8376 303.8376 303.5328 303.5328 300.228 300.228 299.9232 299.9232 299.9232 299.9232 299.9232 300.5328 301.1424 301.752 302.3616 305.9712 306.276 306.276 305.9712 305.6664 305.3616 305.0568 304.752 303.8376 302.9232 302.0088 300.7896 299.5704 298.0464 295.9128 293.4744 290.7312 287.6832 284.3304 280.6728 277.0152 273.6624 270.0048 266.652 263.2992 260.2512 257.81280000000004 255.6792 254.1552 253.5456 253.1552 253.7648 255.5936
307.1048 304.1904 306.5808 305.9712 305.6664 305.0568 304.4472 304.1424 303.8376 303.8376 303.8376 303.8376 303.8376 303.8376 303.99 303.929 303.8376 303.8376 303.5328 303.5328 303.5328 300.5328 300.228 300.228 300.167 300.228 300.5328 301.1424 301.752 302.3616 302.3616 305.6664 305.3616 304.752 304.4472 304.1424 304.1424 303.8376 303.228 302.3136 301.3992 300.18 299.2656 297.7416 295.608 293.4744 290.7312 287.6832 284.3304 281.2824 277.9296 274.8816 271.5288 268.176 264.8232 261.4704 259.3368 257.50800000000004 255.6792 254.7648 253.2408 252.8504 254.3744
305.7144 307.8 307.4952 306.8856 306.276 305.6664 305.0568 304.4472 304.1424 304.1424 304.1424 304.1424 304.1424 304.1424 304.1424 304.1424 304.1424 303.8376 303.8376 303.6852 303.6242 303.8376 303.8376 300.5328 300.5328 300.5328 300.8376 301.4472 302.0568 302.0568 302.2092 302.0568 301.4472 304.4472 303.5328 303.228 303.228 303.228 302.6184 301.704 300.7896 299.8752 298.656 297.4368 295.608 293.1696 291.036 287.988 284.6352 281.5872 278.844 276.1008 273.0528 269.7 266.0424 262.9944 260.556 258.72720000000004 256.89840000000004 255.0696 253.5456 252.936 253.1552
309.324 308.7144 308.1048 307.8 307.4952 306.5808 305.6664 304.752 304.752 304.4472 304.4472 304.4472 304.4472 304.2948 304.2034 304.1729 304.1424 304.1424 303.8376 303.8376 303.8376 304.1424 304.4472 304.4472 304.4472 301.4472 301.752 302.3616 302.6664 302.6664 302.3616 302.0568 301.4472 303.8376 303.228 302.9232 302.9232 302.6184 302.0088 301.3992 300.4848 299.2656 298.3512 297.132 295.3032 293.4744 291.3408 288.2928 285.2448 282.1968 279.4536 276.7104 273.9672 270.6144 267.2616 263.9088 261.4704 259.032 256.89840000000004 255.0696 253.2408 252.7836 252.5456
309.9336 309.6288 309.324 309.0192 308.4096 307.4952 306.276 305.3616 305.0568 305.0568 304.752 304.752 304.4472 304.4472 304.2948 304.2338 304.2034 304.1424 303.99 303.8986 304.1424 304.752 305.3616 305.6664 305.6664 305.6664 302.9712 303.276 303.276 302.9712 302.6664 302.3616 301.752 304.1424 303.5328 302.9232 302.6184 302.3136 301.704 300.7896 300.18 298.9608 298.0464 296.8272 295.3032 293.7792 291.6456 288.9024 285.5496 282.5016 280.0632 277.32 274.8816 271.5288 268.176 265.128 262.08 259.3368 256.59360000000004 254.7648 253.2408 252.6312 252.2408
310.5432 310.2384 309.9336 309.9336 309.6288 308.4096 307.1904 306.276 305.6664 305.3616 305.0568 305.0568 304.752 304.4472 304.4472 304.4472 304.3253 304.1424 304.1424 304.1424 304.752 305.3616 306.276 306.5808 306.8856 306.8856 307.1904 304.1904 304.1904 303.5808 302.9712 302.6664 302.0568 301.1424 303.5328 302.9232 302.6184 302.0088 301.3992 300.7896 299.8752 298.9608 297.7416 296.5224 295.3032 293.7792 291.9504 289.2072 286.1592 283.1112 280.6728 278.2344 275.796 272.748 269.3952 266.0424 262.9944 259.6416 256.89840000000004 254.7648 253.2408 252.3264 251.936
311.1528 310.848 310.5432 310.5432 310.2384 309.324 308.1048 307.1904 306.5808 306.276 305.9712 305.3616 305.0568 304.752 304.5996 304.4472 304.4472 304.4472 304.2948 304.4472 305.0568 305.9712 306.8856 307.4952 307.4952 307.8 307.8 307.8 304.8 304.4952 303.8856 303.276 302.3616 301.752 303.8376 303.228 302.6184 302.0088 301.3992 300.4848 299.5704 298.656 297.7416 296.5224 294.9984 293.7792 292.2552 289.8168 287.6832 284.3304 281.892 279.7584 277.32 274.272 271.224 267.8712 264.8232 261.4704 258.42240000000004 255.984 254.1552 252.936 252.174
311.7624 311.4576 311.1528 310.848 310.5432 309.9336 309.324 307.7144 307.1048 307.4952 306.8856 306.276 305.3616 304.752 304.752 304.752 304.752 304.752 304.4472 304.752 305.6664 306.8856 307.8 308.1048 308.4096 308.7144 308.7144 308.7144 308.4096 308.1048 304.8 304.1904 303.276 302.0568 301.1424 303.228 302.6184 302.0088 301.0944 300.4848 299.5704 298.656 297.4368 296.5224 294.9984 293.7792 292.2552 290.1216 287.988 285.5496 283.416 281.2824 278.844 276.1008 273.0528 270.0048 266.652 263.2992 260.2512 257.81280000000004 255.3744 253.5456 252.0216
312.372 312.0672 311.7624 311.4576 311.1528 309.848 309.2384 308.6288 308.324 307.7144 307.8 306.8856 305.9712 305.0568 305.0568 305.0568 305.0568 305.0568 304.752 305.0568 305.9712 307.1904 308.4096 308.7144 309.0192 309.324 309.324 309.324 309.324 309.0192 308.7144 308.1048 306.8856 302.6664 301.4472 303.5328 302.6184 302.0088 301.0944 300.4848 299.5704 298.656 297.7416 296.5224 295.3032 293.7792 292.56 290.7312 288.9024 286.7688 284.94 282.8064 280.6728 277.9296 274.8816 271.8336 268.4808 265.128 262.08 259.3368 256.59360000000004 254.46 253.2408
312.6768 312.372 312.372 312.0672 310.7624 310.4576 310.1528 309.848 309.5432 309.2384 309.6288 308.4096 307.1904 305.9712 305.3616 305.3616 305.2092 305.0568 305.0568 305.3616 306.276 307.4952 308.4096 309.0192 309.6288 309.9336 310.2384 310.2384 310.2384 309.9336 309.6288 309.0192 307.8 306.276 305.0568 303.8376 302.9232 302.0088 301.3992 300.7896 299.8752 298.9608 298.0464 297.132 295.9128 294.3888 293.1696 291.3408 289.8168 287.988 286.1592 284.3304 282.1968 279.4536 276.4056 273.3576 269.7 266.0424 262.6896 259.9464 257.50800000000004 255.3744 253.5456
313.2864 312.9816 312.6768 312.6768 312.6768 311.372 310.7624 310.7624 310.7624 311.7624 311.4576 310.2384 308.4096 306.8856 306.276 305.3616 305.2092 305.2702 305.3616 305.9712 306.8856 307.8 308.7144 309.324 309.9336 310.5432 310.848 311.1528 311.1528 310.848 310.5432 309.9336 308.7144 307.1904 305.6664 304.4472 302.9232 302.0088 301.3992 301.0944 300.4848 299.5704 298.656 297.7416 296.5224 295.3032 294.084 292.2552 290.7312 288.9024 287.3784 285.8544 283.7208 280.9776 277.9296 274.5768 270.9192 266.9568 263.2992 260.556 258.11760000000004 255.984 254.1552
313.5912 313.2864 313.2864 313.2864 312.9816 312.9816 311.6768 311.372 311.6768 312.9816 312.9816 311.4576 309.6288 308.1048 306.8856 305.9712 305.3616 305.3616 305.6664 306.276 306.8856 307.8 308.7144 309.6288 310.5432 311.4576 311.7624 312.0672 312.0672 312.0672 311.7624 311.1528 309.9336 308.4096 306.8856 305.3616 303.5328 302.3136 301.704 301.3992 301.0944 300.18 299.2656 298.3512 297.132 296.2176 294.9984 293.4744 291.6456 290.1216 288.5976 287.0736 285.5496 282.8064 279.4536 276.4056 272.1384 268.176 264.2136 261.4704 259.032 256.59360000000004 254.7648
313.896 313.5912 313.5912 313.5912 313.5912 313.2864 312.9816 312.9816 312.9816 313.2864 313.2864 312.0672 310.2384 309.0192 307.8 306.8856 305.9712 305.6664 305.6664 305.9712 306.8856 308.1048 309.0192 310.2384 311.4576 312.372 312.6768 312.9816 313.2864 313.2864 312.9816 312.6768 311.7624 310.848 309.6288 307.8 305.6664 303.8376 302.9232 302.3136 301.704 300.7896 300.18 299.2656 298.0464 297.132 295.9128 294.3888 292.8648 291.3408 289.8168 288.5976 287.0736 284.6352 281.892 279.1488 275.1864 270.9192 266.9568 263.604 260.556 257.50800000000004 255.6792
313.896 313.896 313.4388 313.4388 313.5912 313.5912 313.5912 313.2864 313.2864 313.2864 312.9816 312.0672 310.848 309.9336 308.7144 307.8 306.8856 306.276 305.9102 305.9712 306.5808 308.1048 309.6288 310.848 312.0672 313.2864 313.5912 313.896 314.2008 314.2008 314.5056 314.5056 314.2008 313.896 312.9816 310.5432 307.8 305.6664 304.1424 303.5328 302.6184 301.704 300.7896 299.8752 298.9608 298.0464 297.132 295.9128 294.3888 292.8648 291.3408 290.1216 288.5976 286.7688 284.6352 282.1968 278.5392 274.5768 270.3096 266.3472 262.3848 258.72720000000004 256.28880000000004
314.2008 313.896 313.896 313.2864 313.896 313.896 313.896 313.5912 313.5912 313.2864 312.9816 312.372 311.4576 310.5432 309.6288 308.7144 307.8 306.8856 305.9712 306.4284 306.8856 308.4096 309.9336 311.4576 312.6768 313.896 314.5056 314.8104 315.1152 315.42 315.7248 316.0296 316.0296 316.0296 315.42 312.9816 309.9336 307.1904 305.6664 304.4472 303.228 302.3136 301.3992 300.7896 299.8752 298.9608 298.0464 296.8272 295.608 294.084 292.8648 291.3408 290.1216 288.2928 286.7688 284.94 281.5872 277.6248 273.6624 269.0904 264.2136 259.9464 257.50800000000004
314.5056 314.2008 314.2008 310.2559 310.2864 310.5912 310.896 310.896 310.5912 313.5912 313.2864 312.6768 311.7624 311.1528 310.2384 309.324 308.4096 307.8 306.8856 306.5808 307.4952 309.324 310.5432 311.7624 312.9816 313.896 314.5056 315.1152 315.42 315.7248 316.0296 316.0296 316.0296 316.0296 315.42 313.2864 310.5432 308.1048 306.276 305.0568 303.5328 302.9232 302.0088 301.3992 300.4848 299.8752 298.9608 297.7416 296.2176 294.9984 293.4744 292.2552 291.036 289.512 287.988 285.8544 282.8064 279.4536 276.1008 271.5288 266.652 262.3848 259.6416
312.1152 311.8104 311.5056 311.2008 310.2254 310.2864 310.5912 310.896 310.896 310.5912 310.2864 312.6768 312.0672 311.1528 310.5432 309.9336 309.324 308.7144 308.1048 307.8 308.7144 310.2384 311.4576 312.372 312.9816 313.5912 314.5056 315.1152 315.7248 315.7248 316.0296 316.0296 315.7248 315.42 314.5056 312.6768 310.5432 308.7144 306.8856 305.3616 304.1424 303.228 302.6184 302.0088 301.0944 300.4848 299.5704 298.3512 296.8272 295.608 294.084 292.8648 291.6456 290.1216 288.2928 286.464 284.0256 281.2824 278.2344 273.9672 269.0904 264.8232 261.7752
312.42 312.1152 311.8104 311.2008 310.896 310.195 310.5912 310.7436 310.896 310.896 310.5912 309.9816 312.372 311.4576 311.1528 310.5432 309.9336 309.6288 309.0192 309.0192 309.9336 311.1528 312.0672 312.6768 312.9816 313.5912 314.2008 315.1152 315.7248 316.0296 316.0296 316.0296 315.42 314.5056 313.5912 312.372 310.848 309.0192 307.4952 305.6664 304.1424 303.5328 302.9232 302.3136 301.3992 300.4848 299.5704 298.3512 296.8272 295.608 294.3888 293.1696 291.9504 290.4264 288.9024 287.0736 284.94 282.8064 280.0632 276.1008 271.5288 267.2616 263.9088
313.0296 312.42 312.1152 311.5056 311.2008 310.896 310.1645 310.896 310.896 310.896 310.5912 309.9816 312.372 311.7624 311.4576 310.848 310.5432 310.5432 310.2384 310.5432 311.1528 311.7624 312.6768 312.9816 313.2864 313.896 314.5056 315.1152 315.7248 315.7248 316.0296 316.0296 315.1152 314.2008 312.9816 311.7624 310.5432 309.0192 307.4952 305.6664 304.4472 303.5328 302.9232 302.3136 301.0944 299.8752 298.3512 297.132 295.608 294.3888 293.1696 292.56 291.6456 290.4264 288.9024 287.3784 285.5496 283.7208 281.2824 277.6248 273.3576 269.7 266.3472
313.3344 313.0296 312.42 311.8104 311.5056 311.2008 310.896 310.134 310.896 310.5912 310.2864 309.9816 309.6768 312.0672 311.7624 311.4576 311.1528 311.4576 311.4576 311.7624 312.0672 312.6768 312.9816 313.2864 313.5912 314.2008 314.5056 315.1152 315.42 315.7248 316.0296 316.0296 314.8104 313.5912 312.372 311.1528 309.9336 308.7144 307.1904 305.6664 304.4472 303.5328 302.9232 302.0088 300.4848 298.656 296.8272 295.3032 293.7792 292.56 291.9504 291.3408 290.7312 289.8168 288.9024 287.988 286.1592 284.3304 282.1968 278.844 275.4912 272.1384 269.0904
