data/output.txt
ncols 180
nrows 180
xllcorner 0.0
yllcorner 0.0
cellsize 20.0
NODATA_VALUE -9999.0
[rows 21 to 41 of 180, columns 47 to 93 of 180]
14301.8256 14246.9616 14194.536 14143.939199999999 14092.1232 14039.697600000001 13986.662400000001 13931.1888 13872.057600000002 13811.0976 13748.9184 13686.7392 13625.169600000001 13567.8672 13513.6128 13459.358400000001 13404.494400000001 13349.630400000002 13291.718400000003 13233.806400000001 13178.3328 13134.014999999998 13101.462399999999 13081.284399999999 13068.6658 13066.7152 13088.782599999999 13128.0408 13198.8156 13307.750999999998 13452.348 13617.8544 13811.7072 14018.3616 14228.6736 14438.9856 14641.3728 14830.958400000001 15007.742400000001 15172.944 15315.5904 15434.462399999997 15532.607999999997 15606.369599999998 15658.1856 15700.248 15731.3376
14342.0592 14281.099199999999 14223.1872 14167.713600000003 14112.849600000003 14058.595200000002 14004.3408 13948.257599999999 13888.5168 13825.1184 13759.2816 13692.8352 13626.998399999999 13564.819199999998 13506.297599999998 13448.995199999998 13392.302399999999 13337.438400000001 13281.3552 13226.4912 13174.675199999998 13132.978599999999 13101.279399999998 13081.406199999998 13068.3608 13063.2402 13077.443800000003 13105.790200000001 13170.1642 13270.992 13407.7862 13568.7816 13759.8912 13958.6208 14163.4464 14371.929600000001 14576.1456 14771.8272 14956.536000000002 15130.271999999999 15279.0144 15400.934399999998 15498.4704 15569.7936 15616.732800000002 15653.9184 15680.740800000001
14394.4848 14328.038400000001 14264.0304 14203.0704 14143.939199999999 14086.6368 14029.944 13971.422400000001 13909.8528 13844.016000000001 13773.912000000002 13702.588800000001 13631.875199999997 13564.819199999998 13501.420799999996 13441.679999999995 13383.158399999997 13328.294399999997 13274.039999999999 13222.224000000002 13172.8464 13133.283399999998 13102.5596 13082.4426 13067.568400000002 13059.826600000002 13066.593 13085.124800000001 13143.037 13237.159199999998 13365.6018 13520.928 13706.856 13895.222399999999 14092.123199999998 14297.5584 14502.9936 14704.7712 14900.452800000001 15085.7712 15243.048000000003 15371.064 15471.0384 15540.532799999999 15583.8144 15616.7328 15639.288
14459.1024 14387.1696 14317.675200000001 14250.6192 14187.2208 14126.260799999998 14066.519999999999 14004.950399999998 13940.332799999996 13870.228799999999 13795.248 13718.438399999997 13642.238399999998 13570.3056 13502.64 13439.8512 13379.500800000002 13324.636799999998 13271.6016 13221.614400000002 13174.6752 13135.295 13104.2054 13083.174000000003 13066.653800000002 13055.803000000004 13055.803000000004 13065.861400000003 13119.201600000002 13207.6546 13329.452599999999 13480.9992 13662.355200000002 13840.3584 14028.724799999998 14228.064 14431.670399999997 14636.495999999997 14839.4928 15031.212 15198.242400000001 15334.792800000003 15440.8632 15513.4056 15559.430400000001 15589.300799999999 15608.1984
14535.3024 14458.4928 14383.512 14310.969599999999 14242.084799999997 14177.467199999997 14114.068799999997 14048.841599999996 13980.566399999998 13906.195199999998 13825.728 13742.8224 13660.5264 13583.7168 13511.1744 13444.728000000001 13382.5488 13327.0752 13273.4304 13224.662400000001 13178.942399999998 13139.257399999999 13107.6192 13084.210400000002 13066.714800000002 13052.998800000005 13045.439800000004 13047.207600000005 13099.877200000003 13183.819200000002 13301.1672 13452.043199999998 13631.875199999999 13800.124799999998 13979.3472 14170.761600000002 14367.6624 14568.830399999999 14772.4368 14967.8136 15142.7688 15290.9016 15408.554399999999 15490.2408 15541.142400000002 15571.012800000002 15586.252800000002
14615.769600000001 14534.083200000001 14454.2256 14376.806400000001 14303.654400000001 14235.379200000001 14168.9328 14100.657600000002 14028.115199999998 13949.4768 13864.1328 13775.7408 13687.958400000001 13606.272000000003 13528.852800000002 13458.7488 13393.521599999998 13336.2192 13281.355199999998 13231.9776 13186.257599999999 13145.4144 13111.8254 13085.978200000001 13066.288000000002 13050.438400000003 13042.513600000004 13037.332000000006 13078.724000000006 13161.203000000001 13274.5886 13420.282999999998 13601.0904 13773.912 13945.209600000002 14127.480000000001 14314.6272 14506.0416 14702.3328 14894.051999999998 15072.664799999997 15231.160799999998 15363.444 15457.932 15518.587200000002 15552.724799999998 15566.745599999997
14696.846400000002 14610.892800000001 14526.768000000002 14446.300799999999 14370.100800000002 14299.9968 14232.331200000002 14162.227200000001 14086.6368 14006.169600000001 13917.7776 13824.508800000001 13731.849600000001 13645.286400000003 13562.3808 13486.7904 13417.905599999998 13356.336 13298.423999999997 13245.9984 13197.839999999998 13153.339199999999 13117.6166 13089.391999999998 13067.0196 13049.646000000002 13041.416400000004 13035.808000000003 13065.861400000002 13147.365000000002 13257.3978 13398.520199999999 13573.963199999998 13751.3568 13914.7296 14087.2464 14262.8112 14440.8144 14623.084799999999 14803.221599999997 14978.786399999999 15142.7688 15287.853599999999 15397.5816 15473.476799999999 15517.977599999998 15536.2656
14779.752 14689.5312 14602.358400000001 14520.0624 14443.862400000002 14373.1488 14305.4832 14234.769600000001 14157.960000000001 14075.0544 13984.8336 13888.516799999998 13792.199999999999 13700.1504 13611.758399999999 13530.071999999998 13455.091199999999 13387.4256 13324.027199999999 13266.115199999998 13213.6896 13164.921599999998 13125.541399999998 13094.025 13070.3724 13050.865199999998 13041.721200000002 13035.3204 13055.4982 13120.298799999999 13226.3692 13362.31 13531.230199999998 13710.818399999998 13879.982399999999 14042.136 14205.5088 14368.881599999999 14532.863999999998 14694.712799999996 14861.133599999997 15024.506399999997 15178.1256 15303.7032 15399.1056 15460.065600000004 15489.936000000003
14860.8288 14767.559999999998 14678.558399999998 14596.2624 14521.281600000002 14453.006400000002 14386.560000000001 14315.846399999999 14238.427199999998 14154.911999999998 14063.471999999998 13964.7168 13865.351999999999 13769.035199999998 13674.5472 13586.155200000001 13504.468800000002 13428.8784 13357.5552 13292.937600000001 13233.806400000001 13180.1616 13135.9656 13100.6088 13074.456800000002 13054.096200000002 13042.452800000001 13035.7472 13045.3178 13093.4154 13192.4144 13320.4914 13479.2922 13657.478400000002 13828.776 13981.176000000001 14134.1856 14284.756799999997 14432.889599999997 14580.412799999996 14733.422399999996 14890.699199999997 15046.756799999997 15183.9168 15295.473600000001 15377.16 15424.0992
14941.296000000002 14846.198400000001 14757.196800000002 14676.12 14603.577599999999 14538.3504 14473.7328 14403.0192 14324.990399999999 14240.865600000001 14148.206400000001 14048.232 13947.038400000001 13847.064 13747.6992 13653.8208 13565.4288 13481.9136 13403.8848 13331.952 13266.1152 13205.764799999999 13154.558399999998 13113.4104 13083.235 13059.582600000002 13045.439800000002 13037.515000000003 13034.101200000003 13064.520400000003 13140.293600000003 13257.458800000002 13403.7628 13578.779 13750.4424 13908.023999999998 14053.718399999998 14195.7552 14332.915200000001 14467.6368 14607.8448 14754.7584 14906.5488 15047.975999999999 15172.3344 15271.0896 15335.7072
15021.1536 14926.6656 14838.273599999999 14759.025599999999 14689.5312 14626.742400000001 14563.953600000004 14493.240000000002 14415.211200000002 14330.4768 14237.8176 14137.233600000001 14035.430400000001 13933.017600000001 13830.604800000001 13731.8496 13637.361599999998 13547.140800000001 13462.4064 13383.767999999998 13310.615999999998 13242.9504 13182.904799999998 13133.5272 13096.097600000003 13067.446600000001 13049.097600000001 13039.466000000004 13034.162400000001 13047.025000000001 13100.669600000001 13206.1914 13337.438199999999 13496.970599999999 13667.8416 13829.995199999996 13969.593599999998 14106.753599999998 14237.208 14363.395199999999 14492.6304 14627.352 14769.388799999999 14908.377599999998 15038.222399999999 15147.950400000002 15227.808
15099.182399999998 15007.742399999996 14921.179199999997 14843.76 14777.313600000001 14716.963200000002 14654.784 14584.0704 14505.432000000003 14419.478400000002 14326.2096 14226.235200000001 14125.0416 14022.628800000002 13918.387200000003 13817.193600000002 13718.438400000001 13623.3408 13532.5104 13448.385599999998 13368.527999999998 13293.547199999999 13223.4432 13161.5688 13113.653999999999 13077.505 13052.6334 13039.5882 13034.9552 13031.3588 13064.094 13143.5248 13259.5924 13403.519000000002 13574.5118 13740.0792 13888.5168 14022.6288 14149.425600000002 14271.3456 14393.265600000002 14518.843200000001 14651.126400000001 14783.409599999999 14911.425599999999 15024.8112 15113.2032
15171.1152 15085.161600000001 15002.8656 14929.103999999998 14865.096 14806.574400000001 14745.0048 14674.291200000001 14595.043200000002 14509.089600000003 14416.430400000001 14318.894400000001 14220.748800000001 14121.384 14018.9712 13917.777600000001 13817.1936 13717.828799999997 13621.511999999999 13530.6816 13443.5088 13359.993599999998 13279.5264 13201.8024 13139.8668 13093.1106 13058.790200000001 13039.7098 13035.5646 13032.395 13045.6842 13101.889200000001 13189.549600000002 13317.1388 13471.245600000002 13638.215000000002 13791.895200000003 13937.284800000005 14064.081600000005 14186.611200000005 14306.702400000004 14428.012800000004 14552.371200000001 14676.7296 14797.430400000001 14907.158400000002 14996.160000000002
15235.1232 15157.704 15082.1136 15013.838400000002 14953.488000000005 14896.1856 14834.616 14764.512 14685.264 14599.92 14509.699200000001 14417.039999999999 14324.3808 14230.5024 14132.966399999998 14034.820799999998 13933.627199999999 13830.604799999997 13728.191999999997 13630.046400000001 13534.9488 13442.8992 13353.287999999999 13264.286399999999 13185.342999999999 13124.444 13077.504800000002 13047.6344 13037.088399999999 13034.3454 13030.870599999998 13065.312999999998 13128.0408 13225.4548 13362.005200000001 13525.743800000004 13682.106200000004 13835.176800000003 13976.908800000003 14103.096 14226.2352 14346.936 14467.0272 14583.460799999999 14693.798400000001 14794.992000000002 14879.726400000001
15290.596800000003 15223.540800000002 15157.094400000002 15096.744000000002 15041.88 14987.016 14926.665600000002 14857.7808 14779.751999999999 14696.236799999999 14610.8928 14524.939199999999 14440.204799999998 14353.641599999999 14263.420799999998 14169.5424 14068.3488 13961.0592 13851.3312 13744.0416 13639.800000000001 13539.8256 13442.8992 13344.144 13252.520999999999 13177.5402 13113.837000000001 13069.641000000001 13048.853600000002 13039.892600000003 13032.150600000003 13048.305000000002 13086.039200000003 13155.533600000004 13258.860800000004 13401.934000000005 13556.162800000002 13715.024600000002 13868.095200000002 14012.2656 14140.281599999998 14262.811199999998 14381.0736 14492.020799999998 14594.433599999998 14687.7024 14767.560000000001
15341.1936 15285.72 15230.856000000002 15180.259200000002 15132.100800000002 15081.504 15023.592 14957.755199999998 14883.384 14805.3552 14726.7168 14649.297599999998 14573.0976 14494.459199999998 14411.5536 14323.161600000001 14224.406400000003 14114.678400000003 13998.854400000002 13883.030400000001 13769.6448 13661.135999999999 13556.284799999998 13448.385599999996 13344.265799999996 13255.142199999997 13175.5284 13115.4218 13079.760200000002 13059.643600000003 13042.879600000004 13036.235000000004 13048.061200000004 13090.001600000003 13161.812400000003 13282.94 13431.377600000003 13591.824400000005 13752.576000000003 13910.4624 14042.135999999997 14168.932799999995 14288.414399999994 14397.532799999997 14495.678399999997 14584.68 14660.2704
15388.132800000001 15344.851200000003 15304.008000000002 15265.6032 15225.9792 15181.478399999996 15129.0528 15068.0928 14999.8176 14929.7136 14859.6096 14791.3344 14723.0592 14651.736 14576.145600000002 14493.849600000001 14398.1424 14289.024000000001 14170.152 14047.622399999998 13925.092799999999 13808.049599999998 13694.663999999999 13578.535199999997 13462.650199999996 13358.896199999997 13262.091599999998 13182.965399999997 13126.8212 13090.550000000001 13061.289200000001 13045.6226 13033.3696 13049.402000000004 13091.525400000004 13189.793000000001 13315.065800000004 13471.672200000003 13634.618400000001 13800.734399999998 13935.455999999998 14066.519999999999 14189.6592 14300.6064 14397.532799999999 14484.096 14557.248
15434.4624 15404.591999999999 15377.16 15350.947199999997 15321.076799999999 15284.500799999996 15238.780799999999 15185.136 15125.395200000003 15064.4352 15003.475200000003 14943.734400000003 14882.164800000002 14816.937600000001 14747.443200000002 14671.2432 14580.4128 14474.951999999997 14356.689599999998 14231.111999999997 14101.876799999998 13976.2992 13853.16 13730.0208 13602.919199999997 13484.656799999995 13371.210199999998 13272.393999999997 13190.829399999995 13132.124799999998 13087.014200000001 13058.972600000001 13038.977600000002 13032.089200000004 13050.194400000004 13118.165000000005 13220.029200000003 13353.470800000003 13513.247 13681.5576 13824.508800000001 13959.230400000002 14087.246400000004 14201.241600000003 14298.777600000005 14384.121600000004 14456.054400000003
15483.230400000004 15464.942400000002 15449.0928 15433.8528 15412.516800000003 15383.865600000001 15346.68 15301.5696 15251.582400000001 15200.985600000002 15149.779200000003 15097.963200000004 15043.099200000002 14983.358400000003 14919.350400000001 14849.2464 14765.121600000002 14666.366400000003 14553.590400000003 14428.622400000002 14295.12 14161.617600000001 14027.505600000002 13890.9552 13753.795199999999 13621.511999999999 13493.191199999996 13376.452799999997 13274.588599999995 13191.621999999996 13126.2118 13082.7472 13051.474600000001 13035.990800000001 13031.967400000001 13076.041600000002 13155.777400000004 13267.212400000002 13405.8964 13570.305600000002 13714.7808 13849.502400000001 13979.347200000004 14095.780800000004 14194.536000000004 14279.880000000001 14352.422400000001
15531.388800000004 15524.073600000003 15518.587200000002 15511.272000000003 15497.2512 15475.9152 15447.264000000001 15411.907200000003 15373.502400000003 15335.097600000001 15294.254400000003 15250.972800000001 15202.8144 15149.169599999997 15090.0384 15025.4208 14949.220800000001 14860.219200000001 14756.5872 14636.496000000001 14501.7744 14360.347200000002 14212.823999999999 14059.8144 13906.804799999998 13759.891199999998 13619.683199999998 13489.228799999997 13370.661599999998 13269.163199999999 13185.221199999998 13120.7254 13074.4566 13046.171199999999 13034.9544 13056.961000000003 13112.008000000003 13202.168000000001 13320.3694 13461.735800000002 13601.700000000003 13738.555200000003 13865.961600000004 13981.785600000003 14081.150400000004 14167.104000000001 14242.0848
15574.6704 15577.1088 15580.1568 15579.547199999999 15571.622399999998 15556.991999999998 15536.8752 15511.881599999999 15485.0592 15457.627199999997 15427.756799999997 15393.619199999997 15353.385599999998 15307.056 15253.4112 15194.280000000002 15124.7856 15044.927999999998 14951.0496 14837.663999999999 14704.161599999998 14557.248 14398.1424 14229.2832 14061.033599999997 13899.489599999999 13746.48 13602.614399999999 13471.550399999998 13355.116799999998 13255.020399999998 13170.407799999999 13108.289400000001 13062.935200000002 13040.8676 13041.4162 13076.590199999999 13139.623 13238.012400000001 13356.396800000002 13487.643800000003 13619.988000000005 13748.918400000002 13862.304 13961.668800000001 14049.451199999998 14128.699199999995
