data/output.txt
ncols 180
nrows 180
xllcorner 0.0
yllcorner 0.0
cellsize 20.0
NODATA_VALUE -9999.0
[rows 63 to 83 of 180, columns 47 to 93 of 180]
14790.115200000002 14797.430400000003 14812.670400000003 14832.177600000003 14859.000000000002 14890.089600000001 14925.446400000003 14960.1936 14994.331200000002 15023.592000000002 15046.756800000001 15061.3872 15067.4832 15061.387200000001 15040.051200000002 15006.523200000001 14960.193600000002 14903.500800000002 14840.1024 14770.608 14694.408000000001 14615.7696 14538.960000000001 14468.246399999998 14405.4576 14348.155199999997 14293.900799999998 14237.207999999997 14174.4192 14104.315200000001 14029.944000000001 13947.648000000001 13857.427199999998 13761.110399999998 13661.7456 13558.723199999999 13458.139200000001 13361.212800000001 13265.5056 13172.8464 13088.721599999999 13013.740800000001 12948.5136 12896.6976 12857.073600000002 12826.4108 12810.2564
14762.073600000002 14760.244800000002 14766.9504 14779.1424 14798.6496 14824.252800000002 14854.7328 14885.212800000001 14915.692800000003 14943.124800000001 14965.68 14980.92 14989.4544 14986.4064 14969.9472 14941.905600000002 14901.672 14851.6848 14796.2112 14734.641599999999 14666.975999999999 14596.871999999998 14527.3776 14461.540799999999 14400.5808 14343.888 14289.633600000001 14233.550400000002 14173.2 14108.582400000003 14040.307200000001 13965.3264 13882.4208 13794.0288 13701.9792 13605.6624 13510.5648 13417.295999999998 13322.198400000001 13227.1008 13138.708799999999 13056.412799999998 12982.041599999999 12920.471999999998 12870.484799999998 12828.849199999999 12801.721999999998
14738.9088 14729.46 14728.850399999998 14734.336799999997 14747.138399999996 14767.255199999998 14791.944 14817.547200000003 14844.979200000002 14869.3632 14890.089600000001 14905.9392 14916.3024 14915.692799999999 14904.72 14882.774399999998 14848.6368 14805.964799999998 14758.416000000001 14704.7712 14645.640000000001 14583.460799999999 14520.672 14459.102400000002 14400.580800000002 14345.107200000002 14291.462400000002 14236.598400000003 14179.296 14118.945600000001 14055.547199999999 13987.8816 13912.2912 13831.2144 13746.480000000001 13658.088 13568.476799999999 13479.475199999999 13386.2064 13290.4992 13197.84 13108.8384 13025.9328 12954.609599999998 12893.6496 12841.041199999998 12803.428799999996
14723.6688 14708.124 14701.723199999997 14701.418399999997 14708.124 14722.7544 14741.956799999998 14762.378399999998 14785.847999999998 14807.184 14825.472000000002 14840.712000000001 14851.684800000003 14852.904 14845.5888 14829.129600000002 14801.088000000002 14765.731200000002 14725.497600000002 14679.777599999998 14628.5712 14574.316800000002 14518.233600000001 14462.150400000002 14407.2864 14353.6416 14301.216 14248.1808 14193.3168 14136.624 14078.102400000002 14016.532800000003 13947.648000000001 13874.495999999997 13797.686399999999 13717.219199999998 13634.313600000001 13549.5792 13458.748800000001 13362.431999999999 13266.724799999998 13171.627199999999 13081.4064 13000.3296 12929.615999999998 12866.034799999998 12817.449599999998
14714.5248 14694.408 14682.886599999998 14678.3146 14680.1434 14689.896999999999 14704.527399999999 14720.315999999999 14738.908799999997 14757.196799999998 14772.436799999998 14785.238399999998 14796.2112 14798.6496 14793.772799999999 14782.1904 14760.854399999998 14732.203199999998 14699.284800000001 14660.88 14616.988800000001 14569.440000000002 14519.452800000001 14468.246400000002 14417.6496 14367.0528 14317.0656 14265.859199999999 14213.433600000002 14159.788800000002 14104.924800000003 14048.232 13986.662399999997 13921.435199999998 13852.550399999998 13780.617599999998 13705.027199999997 13624.559999999998 13536.777599999998 13441.68 13343.534399999999 13243.56 13147.2432 13058.2416 12977.774399999998 12904.4396 12845.4912
14713.3056 14689.5312 14673.742599999998 14664.5986 14661.8554 14666.7322 14676.180999999999 14687.702399999998 14701.723199999999 14716.658399999998 14728.850399999998 14739.518399999995 14748.662399999996 14751.710399999996 14749.271999999997 14741.347199999997 14725.497599999997 14703.551999999998 14677.9488 14646.2496 14609.6736 14569.440000000002 14525.5488 14479.2192 14432.28 14384.7312 14336.572800000002 14287.195200000002 14236.5984 14185.391999999998 14133.576 14081.150399999999 14026.286399999999 13968.983999999999 13908.633599999997 13845.2352 13776.96 13700.759999999998 13615.416 13521.5376 13422.172799999998 13318.5408 13217.9568 13123.468799999999 13035.076799999999 12953.3904 12886.212399999999
14720.620799999999 14694.408 14674.9618 14661.5506 14654.1744 14654.174400000002 14658.746400000002 14666.000600000001 14676.363800000001 14688.007199999998 14697.151199999997 14705.380799999997 14712.696 14715.134399999999 14713.915199999998 14708.428799999998 14697.455999999998 14681.6064 14662.0992 14636.496 14607.235200000001 14573.707199999999 14535.302399999999 14495.0688 14452.396800000002 14407.286400000003 14360.9568 14313.408 14263.4208 14214.0432 14164.6656 14115.288 14065.910399999999 14014.703999999998 13961.059199999998 13904.975999999999 13843.4064 13772.0832 13690.3968 13599.5664 13500.811199999996 13397.179199999999 13294.766399999999 13197.84 13105.1808 13019.2272 12945.343599999998
14734.032 14705.6856 14683.191400000002 14666.1226 14655.0888 14650.394800000002 14650.516800000001 14654.113400000002 14660.209400000002 14668.195200000002 14674.718 14680.387200000001 14685.264 14687.092799999999 14685.873599999999 14682.216 14674.9008 14663.928000000002 14649.907200000003 14630.400000000003 14607.235200000001 14580.4128 14547.494400000001 14513.3568 14474.952 14433.4992 14389.608000000002 14344.4976 14295.12 14246.961599999999 14198.803199999998 14151.2544 14105.5344 14059.2048 14011.656 13961.0592 13904.975999999999 13837.92 13761.1104 13674.547199999999 13580.059200000002 13478.8656 13378.281599999998 13281.3552 13188.086399999998 13100.304 13023.494400000001
14751.100800000002 14720.925599999999 14695.6882 14675.266599999999 14659.9656 14651.614000000001 14647.7736 14647.468800000002 14649.602400000002 14653.869600000002 14657.344400000002 14660.148400000002 14663.013400000003 14664.110600000004 14663.440000000002 14661.001600000003 14656.856400000004 14649.724200000002 14640.092600000005 14625.584200000005 14607.905800000002 14586.569800000001 14558.772 14530.4256 14496.897599999998 14459.712 14418.8688 14377.1112 14329.257599999999 14282.3184 14234.7696 14189.049599999998 14145.768 14102.4864 14059.204800000001 14012.8752 13961.059200000002 13898.270400000001 13826.947199999999 13746.480000000001 13658.697600000001 13563.6 13467.892799999998 13374.014399999998 13282.574399999998 13196.011199999999 13117.982399999999
14773.0464 14741.347199999998 14713.9152 14689.836000000001 14670.8774 14658.868199999999 14651.0654 14646.8592 14645.944800000001 14646.5544 14646.859200000003 14647.651600000003 14647.834400000005 14647.529600000005 14647.285800000003 14645.883800000003 14643.262600000004 14639.422200000005 14633.021400000003 14622.963000000005 14609.856600000005 14593.885000000002 14570.3544 14547.7992 14518.5384 14485.62 14448.434400000002 14410.944000000001 14365.224000000002 14319.504 14272.564800000002 14227.4544 14185.392 14144.548799999999 14104.924799999999 14062.2528 14014.0944 13956.182400000002 13890.9552 13818.412800000002 13739.774400000002 13654.4304 13566.648 13479.475199999999 13393.521599999998 13311.835199999998 13236.8544
14798.649599999999 14765.7312 14736.4704 14709.648 14687.9462 14672.2794 14661.123799999998 14653.259999999998 14648.9928 14646.249600000001 14643.506400000002 14642.0432 14640.275200000004 14638.446400000006 14637.349200000002 14636.130000000003 14634.789 14632.899400000002 14629.241800000003 14622.475200000004 14613.453200000005 14601.200200000005 14580.412800000004 14562.124800000003 14537.740800000001 14509.089600000001 14476.1712 14443.862400000002 14401.190400000003 14356.689600000002 14310.36 14265.8592 14225.016000000001 14186.611200000001 14150.0352 14109.8016 14064.691200000001 14011.656 13953.743999999999 13891.564800000002 13825.728000000001 13753.185599999999 13676.376 13598.3472 13520.928 13447.776 13379.5008
14825.472 14792.553600000001 14762.683200000001 14734.032 14710.2576 14691.5428 14676.12 14663.988999999998 14656.064199999999 14649.2976 14644.116000000002 14640.2144 14636.617600000005 14633.264800000004 14631.192200000005 14629.729200000005 14628.875800000002 14628.144400000003 14626.620400000005 14623.267600000001 14616.927800000003 14608.454400000006 14591.995200000005 14577.364800000005 14556.638400000002 14532.254400000002 14503.603200000003 14474.952000000003 14435.328000000001 14392.656000000003 14347.545600000003 14304.264 14265.2496 14230.502400000001 14197.584 14161.008000000002 14118.945600000001 14070.7872 14021.4096 13970.812800000002 13918.9968 13860.475200000003 13797.0768 13729.4112 13662.3552 13598.9568 13540.435199999998
14857.7808 14825.472000000002 14794.992000000002 14765.1216 14738.908800000001 14718.182400000002 14698.98 14682.581800000002 14670.389799999999 14659.965599999998 14650.699599999998 14643.872 14637.836800000001 14632.594200000005 14629.302400000004 14626.925000000005 14625.888800000002 14625.645000000004 14625.340200000004 14623.816200000003 14620.829200000006 14614.977000000004 14602.907000000005 14591.385600000005 14574.926400000004 14554.200000000003 14529.816000000003 14504.822400000003 14469.4656 14429.841600000002 14387.7792 14348.155200000001 14312.798400000001 14283.5376 14255.496000000001 14223.7968 14186.0016 14144.5488 14103.705600000003 14065.300800000003 14027.505600000002 13983.614400000002 13933.017600000001 13876.3248 13819.0224 13765.3776 13716.0
14895.576 14863.8768 14832.7872 14801.6976 14774.265600000002 14750.4912 14727.3264 14707.2096 14691.36 14676.7296 14663.805999999999 14653.747599999999 14644.8474 14637.288400000003 14632.228800000004 14628.510200000004 14626.498600000003 14625.889000000005 14626.010800000004 14625.523000000003 14624.486800000002 14621.316800000004 14612.233800000005 14603.516600000004 14590.166400000002 14573.707200000003 14554.200000000003 14533.778400000001 14504.2128 14470.0752 14432.8896 14398.142400000002 14368.272000000003 14345.107200000002 14323.771200000003 14298.168000000001 14266.4688 14233.550400000002 14203.070399999999 14177.4672 14153.692799999999 14123.8224 14085.417599999999 14039.088 13990.32 13945.2096 13903.756799999997
14937.028800000002 14905.9392 14873.6304 14841.931199999999 14812.670399999999 14785.848 14759.0256 14735.2512 14715.1344 14696.2368 14679.777600000001 14666.244400000001 14654.539999999999 14644.725400000001 14638.019800000002 14632.655200000001 14629.729200000002 14628.205200000004 14628.022200000003 14627.290600000006 14627.168800000005 14625.340000000002 14619.975600000003 14614.123600000004 14605.101600000004 14593.519200000004 14579.498400000004 14564.563200000002 14542.008000000003 14514.576000000001 14484.095999999998 14456.054399999999 14432.279999999999 14415.211199999998 14400.5808 14382.2928 14359.127999999997 14335.963199999997 14317.065599999998 14304.263999999997 14293.2912 14275.0032 14247.5712 14210.3856 14168.932799999999 14129.308799999999 14092.1232
14980.92 14950.439999999999 14917.5216 14885.212800000001 14854.1232 14824.252799999998 14793.772799999999 14766.3408 14741.9568 14718.792 14698.675200000001 14681.6064 14667.5856 14655.637399999998 14647.3468 14640.5802 14636.374000000002 14632.899200000003 14631.131200000002 14629.546200000004 14629.607200000002 14628.936600000005 14627.534600000003 14626.010800000002 14621.256000000003 14614.550400000002 14606.016 14596.872000000001 14581.022400000002 14561.5152 14539.5696 14519.4528 14502.383999999998 14492.020799999997 14484.095999999996 14473.732799999994 14460.321599999994 14447.519999999993 14439.595199999996 14437.766399999997 14436.547199999999 14427.4032 14409.1152 14379.2448 14343.278400000001 14306.0928 14269.516800000001
15027.8592 14996.769600000001 14963.8512 14930.9328 14898.014399999998 14865.096 14831.567999999997 14800.478399999996 14771.8272 14745.0048 14721.2304 14701.1136 14684.044800000001 14669.963 14660.209399999998 14651.857799999998 14645.3352 14640.092600000002 14636.191 14633.021000000002 14633.447800000002 14633.874400000002 14634.849800000002 14636.374 14636.496 14634.6672 14632.228799999999 14629.180799999998 14621.865599999997 14610.283199999996 14597.481599999997 14585.8992 14576.7552 14573.097600000001 14572.488000000003 14570.0496 14567.0016 14565.172799999997 14567.0016 14573.0976 14578.584 14576.145600000003 14564.563200000004 14540.7888 14508.480000000001 14472.5136 14432.889600000002
15076.627199999999 15044.3184 15011.4 14977.872 14942.515199999998 14905.329599999997 14868.144 14832.787199999999 14799.868799999998 14769.998400000002 14744.3952 14721.84 14703.552000000001 14688.312000000002 14676.7296 14666.244399999998 14658.075799999999 14649.907199999998 14643.567200000001 14639.178 14639.300000000001 14641.3726 14644.6644 14649.785199999998 14653.564799999996 14656.003199999997 14658.441599999998 14661.489599999997 14660.879999999997 14657.831999999997 14654.174399999998 14649.9072 14647.468800000002 14649.907200000001 14655.393600000001 14660.270400000001 14667.5856 14675.5104 14685.264 14696.846399999999 14706.6 14709.0384 14704.1616 14687.0928 14660.270400000001 14626.1328 14584.070399999999
15126.004799999999 15091.867199999997 15058.3392 15023.591999999997 14985.7968 14944.9536 14904.1104 14865.096000000001 14828.52 14795.6016 14768.169600000003 14745.0048 14726.1072 14710.2576 14698.065600000002 14686.4832 14676.119999999999 14665.695799999998 14656.978399999998 14651.430999999999 14651.430999999997 14654.479 14660.026399999999 14668.134199999999 14675.510399999997 14681.606399999999 14687.7024 14695.0176 14699.894400000001 14702.942400000002 14705.3808 14707.2096 14710.257599999999 14716.963199999998 14726.716799999998 14738.2992 14752.9296 14767.56 14782.1904 14796.211199999998 14807.793599999997 14813.889599999997 14815.718399999996 14807.183999999997 14789.5056 14762.6832 14725.4976
15179.649600000002 15143.0736 15108.3264 15071.1408 15030.2976 14985.187199999998 14940.076799999999 14896.7952 14855.952000000001 14819.376 14790.1152 14766.950400000002 14749.272 14735.2512 14723.6688 14711.4768 14699.284800000001 14686.483200000002 14676.059000000003 14670.572600000001 14671.182200000001 14675.449400000001 14682.7646 14692.579200000002 14701.723200000002 14710.257600000004 14718.792000000003 14728.545600000001 14736.470399999998 14743.785599999997 14751.100799999998 14757.8064 14765.1216 14776.0944 14788.896 14803.5264 14821.2048 14838.883199999998 14854.732799999998 14868.143999999998 14880.335999999998 14890.0896 14898.014399999998 14899.843200000001 14896.185600000003 14883.9936 14859.6096
15237.5616 15197.937600000001 15160.751999999999 15120.518399999999 15076.017600000001 15027.2496 14979.0912 14932.152 14887.6512 14848.0272 14816.937600000001 14793.772799999999 14777.9232 14765.731199999998 14755.368 14742.566400000002 14728.5456 14713.915200000001 14702.332800000004 14696.846400000004 14698.065600000002 14703.552000000003 14711.476800000004 14721.840000000002 14732.2032 14742.566399999998 14752.929599999998 14763.902399999999 14774.2656 14784.019200000002 14793.7728 14802.9168 14813.280000000002 14826.081600000003 14840.712 14856.561599999995 14874.849599999996 14892.527999999997 14907.463199999998 14919.045600000001 14931.847200000006 14945.258400000004 14959.888800000002 14974.2144 14987.625599999998 14994.940799999998 14989.454399999999
