data/output.txt
ncols 180
nrows 180
xllcorner 0.0
yllcorner 0.0
cellsize 20.0
NODATA_VALUE -9999.0
[rows 0 to 20 of 180, columns 0 to 46 of 180]
5733.2880000000005 7633.411200000001 9527.4384 9503.054399999999 9477.451200000001 9454.286400000003 9436.608 9423.8064 9412.833600000002 9404.299200000001 9397.8984 9392.7168 9390.2784 9392.1072 9395.7648 9400.3368 9404.2992 9406.615600000001 9407.2252 9406.006000000001 9404.177200000002 9398.0812 9385.401600000003 9366.504 9343.339199999999 9314.688 9283.598399999999 9249.4608 9208.6176 9161.6784 9109.252799999998 9053.1696 8996.4768 8944.0512 8895.892799999998 8851.392 8810.548799999999 8770.9248 8732.52 8694.7248 8659.9776 8627.6688 8602.0656 8582.2536 8566.7088 8557.564799999998 8555.1264
7655.356800000001 10191.9024 12719.913599999998 12685.166399999998 12647.980800000001 12613.843200000003 12586.4112 12565.0752 12547.396800000002 12533.376000000002 12522.708 12514.478400000002 12510.211200000002 12511.430400000003 12515.697600000003 12522.708 12529.7184 12535.6924 12539.9596 12542.398000000001 12543.007600000003 12537.521200000001 12523.012800000004 12500.457600000002 12471.8064 12436.4496 12398.0448 12354.763200000001 12302.337599999999 12240.768 12170.663999999999 12094.464 12017.044800000001 11944.502400000001 11877.446399999999 11815.2672 11757.964799999998 11703.7104 11651.2848 11600.078399999999 11553.1392 11509.8576 11475.1104 11447.9832 11426.952000000001 11414.759999999998 11411.712
9586.5696 12761.976 15925.799999999997 15879.470399999998 15828.8736 15781.324800000004 15741.7008 15710.0016 15683.179200000002 15661.233600000003 15644.4696 15631.972800000001 15624.6576 15624.657600000002 15629.534400000002 15638.9832 15649.6512 15660.502 15669.646 15677.570800000001 15683.057200000003 15680.009200000002 15665.500800000005 15641.116800000002 15608.1984 15567.3552 15522.854399999998 15471.038400000001 15407.64 15332.0496 15244.267199999998 15147.3408 15048.5856 14954.7072 14867.534399999999 14785.848 14711.476799999999 14641.372800000001 14574.3168 14509.0896 14449.958400000001 14395.0944 14351.2032 14316.7608 14290.2432 14275.003199999997 14270.735999999999
9620.7072 12805.2576 15977.0064 15925.190400000001 15867.278400000001 15811.195200000004 15762.427200000004 15721.584000000003 15686.227200000003 15656.356800000003 15632.582400000003 15614.904000000002 15603.9312 15600.883199999998 15603.931199999995 15613.684799999999 15627.096000000001 15641.7264 15656.661600000001 15671.901600000003 15684.703200000002 15688.3608 15679.8264 15661.843200000001 15634.4112 15599.0544 15560.039999999999 15513.1008 15453.36 15380.817600000002 15294.254400000002 15196.108800000002 15094.9152 14996.769600000001 14903.500800000003 14815.108800000002 14735.251200000002 14660.880000000001 14590.1664 14523.720000000001 14463.979200000003 14408.5056 14363.395199999999 14328.343199999998 14300.606399999999 14284.147199999998 14278.6608
9665.208000000002 12863.169600000003 16046.500800000003 15988.588800000003 15921.532800000003 15855.696000000002 15795.955200000002 15743.5296 15697.2 15658.185600000003 15625.876800000002 15600.822199999999 15584.302 15576.986799999999 15577.596399999999 15586.740399999997 15601.431799999997 15618.866399999997 15638.983199999999 15660.3192 15679.2168 15689.580000000002 15689.275200000002 15678.912000000002 15658.1856 15630.144 15597.8352 15555.1632 15499.689600000002 15430.8048 15346.0704 15247.9248 15145.512 15043.708800000004 14944.953600000003 14850.4656 14763.902400000003 14684.0448 14608.4544 14538.960000000001 14477.390400000002 14421.3072 14375.5872 14339.620799999999 14310.9696 14292.6816 14284.7568
9716.4144 12929.616000000002 16126.968000000003 16062.96 15987.9792 15912.3888 15841.6752 15777.057599999998 15719.7552 15669.768000000002 15627.7056 15594.7262 15571.988000000001 15558.942599999998 15555.894599999996 15563.209799999999 15577.291599999999 15595.152999999998 15617.342399999998 15642.9456 15666.110400000001 15681.960000000001 15689.2752 15687.446399999995 15673.425599999999 15652.6992 15625.876800000002 15587.472 15535.656 15471.038400000001 15389.352000000003 15293.644800000002 15191.841600000002 15088.2096 14985.187199999998 14885.2128 14793.1632 14707.8192 14627.352000000003 14554.200000000003 14490.801599999999 14433.4992 14386.560000000001 14349.3744 14319.504 14298.777600000001 14287.1952
9771.888000000003 13002.158400000002 16214.7504 16145.865600000001 16064.179200000002 15980.054399999999 15899.5872 15825.215999999999 15756.940800000002 15696.590400000003 15644.164800000002 15601.431800000002 15570.586000000001 15551.078800000001 15542.666399999998 15545.714399999997 15556.748199999996 15571.744399999998 15592.4708 15617.952 15642.336000000001 15661.843200000001 15674.6448 15678.911999999998 15670.987199999996 15656.356799999998 15634.4112 15600.8832 15553.944000000001 15494.812800000003 15418.6128 15327.7824 15229.0272 15126.004799999999 15021.1536 14917.521600000002 14821.204800000003 14730.984000000002 14645.640000000003 14569.439999999999 14503.6032 14444.472000000002 14395.0944 14356.08 14323.771200000001 14299.996800000003 14284.147200000003
9827.971200000002 13075.920000000002 16305.580800000002 16233.038400000001 16145.865600000001 16055.644800000002 15967.862400000002 15884.3472 15806.928000000002 15737.433600000002 15674.6448 15621.5486 15582.1684 15554.736399999996 15539.618399999998 15536.570399999995 15541.508199999997 15549.7988 15565.6484 15586.8624 15608.808 15629.5344 15645.993600000002 15654.528000000002 15652.089600000003 15642.945600000005 15625.876800000004 15597.835200000001 15556.992000000004 15504.566400000002 15435.681599999998 15352.166399999998 15258.8976 15158.9232 15054.072 14949.220800000003 14849.246400000002 14755.368 14665.756800000001 14586.5088 14517.0144 14454.835200000001 14401.8 14359.7376 14323.771200000001 14296.339200000002 14276.832000000004
9884.0544 13149.681600000002 16396.411200000006 16321.4304 16230.6 16135.502400000003 16042.233600000003 15952.012800000002 15866.668800000001 15788.0304 15716.7072 15653.857399999999 15604.723599999998 15568.757199999998 15546.323999999995 15535.351199999996 15532.973799999998 15534.253999999999 15542.483600000001 15556.992 15574.060800000001 15592.958400000001 15610.332 15621.609600000002 15623.438400000001 15619.7808 15608.1984 15586.252799999998 15552.7248 15507.614399999999 15446.044799999998 15370.4544 15283.891200000002 15188.793600000003 15086.3808 14982.139199999998 14879.726399999996 14782.1904 14688.921599999998 14606.016 14532.2544 14465.808 14409.115199999998 14362.7856 14323.1616 14292.072 14268.9072
9935.8704 13218.566400000003 16482.364800000003 16406.774400000002 16314.724800000004 16216.5792 16119.6528 16024.5552 15933.724800000002 15848.380799999999 15769.7424 15698.419199999998 15640.812 15596.3112 15565.953200000002 15546.446 15535.4732 15528.158 15527.2436 15532.608000000002 15542.971200000004 15557.601600000002 15571.9272 15582.5952 15586.862399999998 15586.862399999998 15580.156799999997 15564.916799999997 15538.703999999998 15500.908799999997 15447.873599999999 15381.427200000002 15304.008000000002 15215.616000000002 15117.470400000002 15013.838400000002 14910.206400000001 14809.6224 14713.9152 14627.961600000002 14551.152 14479.8288 14417.649599999997 14366.4432 14322.552 14287.804799999998 14261.591999999997
9984.0288 13283.184 16564.051199999998 16489.68 16397.020800000002 16298.2656 16199.510400000001 16101.364799999998 16006.2672 15917.2656 15833.7504 15755.721600000003 15690.311599999999 15638.129799999999 15598.6278 15569.976600000002 15549.859800000002 15532.669000000004 15521.147600000004 15516.148800000003 15516.758400000004 15523.464000000005 15532.912800000004 15540.532800000003 15544.800000000003 15547.238400000004 15545.409600000003 15535.656000000004 15516.758400000002 15486.2784 15442.387200000003 15386.304 15319.8576 15240.000000000002 15147.950400000003 15046.147200000003 14940.686400000006 14837.054400000005 14738.908800000001 14651.126400000001 14571.2688 14496.897599999998 14430.4512 14374.367999999999 14325.6 14287.195199999998 14257.324799999997
10027.92 13342.9248 16640.860800000002 16568.928 16477.488 16378.732800000002 16279.368000000002 16178.784000000005 16081.248000000003 15989.807999999999 15903.2448 15820.9488 15749.6256 15690.4944 15642.945600000001 15605.1504 15574.6704 15546.933600000002 15524.073600000003 15507.614400000004 15497.860800000004 15495.422400000005 15498.165600000004 15501.518400000004 15503.956800000002 15507.004800000002 15508.224 15502.128 15488.107199999999 15464.3328 15428.366400000003 15382.646400000001 15328.392 15258.897600000002 15172.944000000001 15073.579200000002 14966.899200000003 14859.6096 14759.0256 14670.024000000001 14589.5568 14513.356800000001 14445.081600000001 14385.9504 14333.524800000001 14290.852799999999 14257.324799999999
10063.886399999998 13393.521599999998 16707.307199999996 16639.641600000003 16552.468800000002 16456.152000000002 16356.7872 16254.984000000002 16155.619200000001 16062.3504 15974.568 15890.4432 15815.4624 15751.4544 15696.590400000003 15649.651200000002 15610.027200000002 15572.536800000003 15539.313600000003 15512.491200000004 15492.374400000002 15478.963200000002 15472.5624 15468.599999999999 15466.161599999996 15466.771199999997 15467.380799999997 15462.503999999999 15450.9216 15430.8048 15400.9344 15363.7488 15319.248 15258.287999999999 15178.430399999997 15081.503999999999 14975.4336 14866.924799999999 14766.950400000002 14679.777600000001 14601.748800000001 14527.377600000002 14459.712000000003 14398.752000000002 14343.888000000004 14298.168000000001 14260.372800000001
10090.099199999999 13432.535999999998 16760.951999999997 16699.992 16620.134400000003 16528.6944 16431.158400000004 16328.745599999998 16228.7712 16134.892799999998 16045.8912 15961.7664 15885.566400000002 15818.510400000005 15757.550400000004 15703.296000000002 15653.918400000002 15606.979200000003 15564.307200000001 15527.731200000002 15497.2512 15472.867199999999 15455.798399999998 15441.7776 15431.414399999998 15425.3184 15421.660800000001 15413.736 15401.544000000002 15382.646400000001 15357.043200000002 15325.344000000001 15288.1584 15233.2944 15157.704000000002 15063.216 14960.1936 14854.7328 14759.025600000003 14677.3392 14606.016000000003 14537.131200000002 14472.513600000004 14412.1632 14356.6896 14308.531200000001 14267.0784
10109.606399999997 13463.016 16804.233599999996 16751.807999999997 16680.484800000002 16596.36 16502.4816 16400.6784 16300.094400000002 16205.606400000002 16115.995200000001 16032.480000000001 15956.280000000002 15887.395200000003 15821.558400000002 15761.208 15703.905600000002 15649.0416 15597.835199999998 15552.724799999998 15511.881599999999 15476.5248 15448.4832 15424.099200000002 15403.372800000001 15388.1328 15376.5504 15362.5296 15346.679999999998 15327.7824 15303.398400000002 15274.1376 15240.000000000002 15188.184000000001 15115.032000000001 15024.201600000002 14926.056000000004 14826.691200000003 14738.908800000003 14665.7568 14602.967999999999 14542.008 14482.8768 14424.964799999998 14370.100799999998 14320.7232 14276.831999999999
10122.407999999996 13483.742399999997 16834.713599999995 16790.822399999997 16729.2528 16653.0528 16565.2704 16467.1248 16368.369600000004 16274.491200000002 16186.099200000002 16104.412800000002 16029.432000000003 15959.328000000001 15890.443200000002 15824.606399999999 15759.9888 15698.4192 15641.116799999998 15588.6912 15539.923199999997 15496.032 15457.017600000001 15421.051200000002 15389.352 15363.139200000001 15340.584000000003 15318.638400000002 15297.3024 15275.356800000001 15249.143999999998 15218.663999999999 15183.307200000001 15132.100800000002 15060.777600000001 14974.823999999999 14884.603199999998 14794.991999999998 14716.353599999997 14651.735999999997 14596.872 14542.6176 14488.363199999998 14433.499199999998 14380.463999999998 14330.4768 14285.366399999999
10129.113599999997 13495.934399999995 16853.611199999996 16817.0352 16765.219199999996 16698.772800000002 16618.915200000003 16527.4752 16433.596800000003 16342.7664 16257.4224 16178.784000000001 16105.632000000001 16035.528 15964.8144 15894.7104 15825.216 15759.379200000001 15697.2 15639.288 15584.424000000003 15532.608000000002 15483.230400000002 15436.2912 15393.619200000003 15355.824000000002 15321.686400000002 15290.596800000001 15261.945600000001 15233.2944 15202.204800000001 15166.847999999998 15126.614399999999 15073.5792 15004.694399999997 14924.8368 14844.369599999998 14766.340800000002 14698.0656 14640.7632 14591.3856 14542.007999999998 14490.8016 14437.766399999999 14386.56 14337.1824 14290.852799999999
10135.819199999998 13506.297599999998 16868.8512 16837.761599999998 16793.8704 16735.9584 16665.2448 16582.9488 16496.3856 16411.041600000004 16329.964800000003 16254.984000000002 16183.6608 16113.556799999998 16041.623999999998 15969.0816 15895.929600000001 15827.0448 15761.208 15699.028800000002 15638.678400000003 15580.766400000004 15522.854400000002 15467.380800000003 15414.955200000002 15366.7968 15322.295999999998 15282.062399999999 15244.876799999998 15209.52 15172.334399999998 15130.8816 15085.1616 15030.907200000001 14964.460799999999 14891.9184 14820.5952 14752.320000000002 14691.36 14638.3248 14591.385600000001 14544.4464 14495.068800000001 14443.252799999998 14393.265599999999 14343.278399999997 14296.339199999997
10143.743999999999 13517.270399999998 16882.872 16854.220800000003 16813.9872 16762.780799999997 16699.992 16627.449600000004 16550.030400000003 16472.6112 16397.630400000002 16326.9168 16258.641599999999 16189.1472 16117.2144 16044.062399999999 15970.3008 15899.587200000002 15831.9216 15767.303999999998 15703.9056 15641.726400000001 15578.328000000001 15516.7584 15457.627200000003 15401.544000000002 15349.118400000001 15301.569599999999 15257.068800000001 15214.396800000002 15170.505600000002 15122.956800000002 15072.36 15016.886400000001 14954.0976 14888.870400000002 14824.8624 14763.292800000001 14706.600000000002 14654.174400000004 14605.406400000002 14557.248000000001 14506.6512 14454.2256 14403.019199999999 14351.8128 14303.044799999998
10154.716800000002 13530.071999999998 16897.502399999998 16867.632 16828.6176 16781.0688 16725.5952 16662.8064 16595.1408 16526.865600000005 16459.2 16393.363200000003 16328.136000000002 16260.470400000002 16189.756800000003 16117.824000000002 16044.672 15973.9584 15906.2928 15841.065599999998 15776.447999999999 15712.439999999999 15645.9936 15580.156799999999 15516.758400000002 15456.408000000001 15399.715200000002 15347.289600000004 15297.912 15247.9248 15196.7184 15142.464000000002 15087.600000000002 15031.516800000003 14972.995200000001 14913.864000000001 14855.952000000003 14798.649600000002 14741.956800000004 14687.092800000002 14634.0576 14581.632000000001 14527.3776 14472.513600000002 14418.2592 14364.004799999999 14312.188799999998
10168.127999999997 13545.921599999998 16914.571199999995 16882.2624 16842.0288 16796.3088 16745.712 16691.4576 16632.935999999998 16572.5856 16511.625600000003 16450.6656 16388.486400000005 16323.259200000004 16255.593600000006 16186.099200000004 16115.995200000003 16047.720000000003 15981.273600000002 15917.2656 15853.867199999999 15789.249600000001 15720.974400000003 15652.699200000003 15586.862400000002 15523.464000000004 15464.942400000002 15410.688000000002 15358.2624 15302.7888 15246.096 15186.3552 15127.223999999998 15069.9216 15013.8384 14958.364800000003 14903.500800000003 14847.417600000004 14790.115200000002 14732.203200000002 14674.900800000001 14617.5984 14559.686399999999 14501.164799999999 14442.643199999997 14384.121599999995 14328.0384
