data/output.txt
ncols 180
nrows 180
xllcorner 0.0
yllcorner 0.0
cellsize 20.0
NODATA_VALUE -9999.0
[rows 105 to 125 of 180, columns 94 to 140 of 180]
15540.532799999997 15519.806399999998 15477.743999999999 15411.907200000001 15330.220800000003 15241.219200000001 15154.046400000001 15078.456000000004 15019.324800000002 14972.3856 14930.3232 14885.822400000001 14841.931200000003 14796.2112 14745.614400000002 14687.702400000002 14625.523200000001 14557.248000000001 14485.9248 14413.992000000002 14336.572800000002 14251.2288 14156.1312 14037.868800000002 13894.612799999999 13733.068800000001 13555.6752 13364.2608 13174.065599999998 13000.329599999997 12846.100799999997 12715.402599999998 12614.452799999997 12545.385199999997 12499.0556 12486.254 12506.005000000001 12552.0908 12621.1584 12708.940799999997 12802.209599999996 12900.355199999998 13004.596799999998 13112.496 13223.443200000002 13338.048000000003 13450.214399999999
15591.739199999998 15578.9376 15542.9712 15481.401600000001 15400.934400000004 15308.275200000002 15213.787199999999 15129.6624 15062.6064 15009.5712 14964.4608 14919.96 14878.5072 14835.8352 14788.286399999999 14733.422400000001 14674.291200000001 14608.4544 14539.5696 14470.0752 14396.9232 14318.2848 14232.3312 14126.260800000004 13997.0256 13848.892800000001 13678.814400000001 13487.400000000001 13289.8896 13103.961599999999 12933.883199999998 12788.1888 12672.6086 12587.0818 12521.854600000002 12486.375800000002 12480.8894 12501.372000000001 12547.2748 12614.330799999998 12690.6528 12772.339199999999 12861.340799999998 12953.999999999998 13050.316799999999 13150.291199999998 13249.655999999999
15624.657599999999 15614.294399999999 15581.376 15523.464000000004 15446.044800000001 15355.2144 15259.507200000002 15171.115199999998 15099.182399999998 15041.270399999998 14993.112 14948.611200000001 14908.987200000001 14868.144 14823.0336 14769.998399999999 14712.696 14649.297599999996 14582.241599999998 14514.575999999997 14445.081600000001 14371.929600000001 14292.6816 14196.9744 14081.76 13948.257599999999 13789.152 13603.833600000002 13406.323199999999 13213.079999999998 13031.4192 12872.3136 12743.688 12641.092400000001 12557.577200000002 12500.152800000002 12470.648200000003 12465.771400000003 12488.509400000003 12533.619800000004 12590.434600000002 12654.0768 12724.7904 12799.7712 12879.019199999997 12963.143999999998 13048.488
15636.239999999998 15622.8288 15589.3008 15533.827200000002 15461.2848 15376.5504 15285.1104 15197.937599999997 15124.176 15063.825600000002 15013.838400000002 14969.3376 14929.713600000003 14887.651200000002 14840.712000000001 14785.238399999998 14726.7168 14663.318399999998 14598.7008 14534.692799999999 14470.075200000001 14402.409599999999 14329.8672 14243.303999999998 14140.2816 14021.409599999999 13876.324799999997 13702.588800000001 13513.0032 13321.5888 13135.660800000001 12968.6304 12829.641599999999 12713.512799999999 12613.5384 12536.606799999998 12485.1566 12456.7492 12455.712800000001 12477.6584 12513.137200000001 12557.2722 12608.8444 12663.830400000003 12725.400000000001 12793.675200000001 12864.3888
15630.143999999998 15610.027199999999 15572.232 15516.7584 15449.702399999998 15372.892800000001 15289.987200000001 15208.9104 15137.5872 15077.236800000002 15026.640000000001 14980.92 14938.248000000003 14891.3088 14838.2736 14776.704 14713.915200000001 14649.2976 14587.118400000001 14527.377600000002 14469.465600000001 14409.115200000002 14344.4976 14267.0784 14176.248 14071.396799999999 13941.551999999998 13784.2752 13609.9296 13428.2688 13245.998400000002 13077.748800000001 12931.4448 12802.819199999998 12687.604799999997 12593.604399999998 12522.037399999997 12471.6844 12447.91 12447.3004 12460.223999999998 12483.6326 12515.088 12550.444799999997 12593.726399999998 12645.5424 12701.015999999998
15617.342399999998 15589.300799999999 15546.019199999999 15489.3264 15426.5376 15357.652800000002 15283.891200000002 15210.129599999998 15141.854399999998 15082.113600000002 15030.9072 14983.358400000001 14934.590400000003 14879.726400000003 14817.5472 14748.052800000003 14679.168000000003 14613.940800000004 14555.419200000006 14501.164800000002 14450.568 14399.361599999997 14345.107199999999 14279.270399999998 14201.851199999997 14111.020799999998 13996.416 13854.9888 13696.492799999998 13527.6336 13354.507199999998 13190.524800000001 13043.001600000001 12906.451200000001 12780.873599999999 12672.242799999998 12582.387799999999 12510.698799999998 12464.369200000001 12440.594799999999 12431.572799999998 12434.864599999995 12447.117599999996 12465.405599999996 12491.008799999998 12525.755999999998 12565.989599999997
15591.7392 15554.553600000001 15505.7856 15447.264 15387.523199999998 15325.953599999999 15261.335999999998 15194.889599999995 15131.491199999997 15074.1888 15022.982399999999 14972.995200000001 14917.521600000002 14853.5136 14781.580800000002 14704.161600000003 14629.790400000004 14564.563200000002 14510.308800000003 14462.76 14420.697599999998 14380.463999999998 14338.401599999997 14284.756799999997 14219.529599999998 14140.8912 14039.088 13911.6816 13769.0352 13615.416000000001 13455.7008 13301.472000000003 13158.216000000004 13021.056000000004 12890.601600000002 12772.339199999999 12667.244199999997 12576.657599999999 12508.382399999999 12462.0528 12430.963199999998 12415.357399999999 12411.151199999998 12414.199199999997 12424.562399999997 12444.069599999997 12469.672799999998
15549.067200000001 15501.518399999999 15446.0448 15386.304 15329.6112 15274.747199999998 15219.8832 15163.1904 15106.4976 15053.462399999999 15003.4752 14950.440000000002 14887.651200000002 14814.499200000002 14734.032000000001 14650.5168 14573.707199999999 14510.3088 14461.5408 14420.6976 14386.56 14356.08 14325.599999999997 14283.537599999998 14229.2832 14161.008000000002 14070.1776 13955.572800000002 13828.776000000002 13692.2256 13549.5792 13409.980800000001 13276.478400000002 13144.804800000005 13016.179200000004 12893.04 12775.996799999999 12668.3414 12579.9494 12511.0646 12459.248599999999 12426.3302 12407.493599999998 12396.520799999997 12392.863199999998 12397.739999999998 12409.322399999997
15494.2032 15434.4624 15372.283200000002 15311.323200000003 15257.6784 15209.52 15164.409599999999 15117.470400000002 15068.702400000002 15021.1536 14973.604800000001 14918.7408 14851.0752 14771.827200000002 14685.873599999999 14599.919999999998 14523.72 14463.979200000002 14420.087999999998 14384.731199999998 14356.6896 14333.8296 14312.493599999998 14280.794399999999 14236.293599999999 14176.5528 14095.171199999999 13992.7584 13880.592 13761.110399999998 13636.142399999999 13513.003199999997 13391.692799999997 13269.163199999999 13145.414400000001 13021.665600000002 12897.3072 12775.996799999999 12669.438799999998 12580.437199999998 12509.113999999998 12458.517199999998 12425.293999999998 12402.007199999998 12385.547999999997 12377.013599999998 12375.0628
15434.4624 15363.7488 15296.083200000001 15235.732800000002 15184.5264 15141.8544 15104.6688 15065.654400000001 15023.592 14980.92 14936.419200000002 14882.1648 14812.670399999999 14730.983999999997 14644.420799999996 14559.686399999997 14486.5344 14431.060800000001 14391.4368 14359.737600000002 14335.3536 14317.370399999998 14302.130399999998 14278.356 14241.78 14189.3544 14116.507200000002 14025.0672 13925.702399999998 13821.460799999997 13713.561599999997 13606.271999999999 13498.982399999999 13388.0352 13273.430400000001 13153.339200000002 13027.152000000002 12899.136000000002 12781.4832 12677.8512 12591.8976 12526.670399999999 12480.036 12443.46 12414.199200000001 12391.644 12375.6724
15378.9888 15299.1312 15227.1984 15166.238400000002 15116.2512 15076.627199999999 15044.3184 15011.4 14974.823999999999 14937.0288 14895.576000000001 14842.5408 14774.265599999997 14694.407999999998 14610.283199999998 14529.2064 14460.931199999999 14409.115199999998 14371.9296 14342.6688 14320.113599999999 14305.178399999999 14294.2056 14276.527200000002 14246.6568 14201.546400000001 14136.624000000002 14055.547200000003 13968.3744 13877.544 13784.8848 13692.225599999998 13598.3472 13500.2016 13396.5696 13283.7936 13161.8736 13033.8576 12911.9376 12800.990399999999 12705.8928 12629.692799999999 12571.1712 12521.793599999999 12479.731199999998 12443.155199999997 12411.943599999999
15335.707200000003 15249.7536 15174.7728 15113.203200000002 15061.9968 15022.3728 14991.2832 14960.8032 14927.2752 14893.1376 14854.7328 14804.135999999999 14738.9088 14662.708799999999 14583.460799999999 14507.260799999998 14443.252799999998 14394.484799999997 14359.128 14330.4768 14307.9216 14295.424800000003 14287.500000000002 14274.088800000003 14250.314400000001 14212.5192 14154.912000000002 14083.588800000001 14007.998399999999 13929.359999999999 13850.111999999997 13770.863999999998 13689.177599999997 13602.004799999999 13509.345599999999 13405.713600000001 13291.718399999998 13169.798399999998 13051.535999999998 12940.588799999998 12843.0528 12760.1472 12691.872 12630.911999999997 12575.4384 12524.231999999998 12477.780399999998
15310.104000000003 15221.712 15144.9024 15080.894400000001 15027.2496 14983.967999999999 14950.44 14918.7408 14885.822400000001 14852.904000000002 14816.937600000001 14770.608 14710.867199999999 14641.3728 14568.830399999997 14499.336000000001 14438.9856 14392.0464 14356.689599999998 14327.4288 14304.264 14289.938400000001 14282.013600000002 14269.821600000003 14248.4856 14214.348000000002 14164.055999999999 14100.657599999999 14034.2112 13966.5456 13898.270399999998 13830.604799999997 13759.281599999997 13682.471999999998 13599.566399999998 13506.907199999998 13405.103999999998 13295.985599999998 13188.086399999998 13085.673599999998 12992.404799999998 12908.28 12834.518399999999 12765.023999999998 12699.187199999998 12636.398399999998 12575.926000000001
15297.912000000002 15209.519999999999 15131.4912 15064.4352 15006.523200000003 14958.974400000001 14920.569600000003 14885.2128 14851.075200000001 14818.156800000002 14783.409599999999 14741.347200000004 14688.921600000001 14628.5712 14565.7824 14504.2128 14449.348799999998 14404.847999999998 14368.881599999999 14337.792 14312.188800000002 14294.510400000001 14281.7088 14265.859199999999 14242.084799999999 14207.9472 14160.3984 14103.096000000001 14043.964800000002 13984.833600000002 13925.7024 13867.180799999998 13805.001599999998 13737.336 13665.403199999999 13586.1552 13499.592 13408.152 13317.9312 13230.758399999999 13148.462399999999 13070.433599999998 12996.062399999999 12922.3008 12848.5392 12775.3872 12703.454399999999
15289.377600000002 15200.376 15120.518400000003 15049.804800000002 14987.625600000003 14935.8096 14893.7472 14855.342400000001 14819.376000000002 14786.457600000002 14752.320000000002 14713.915200000003 14670.024000000001 14620.646400000001 14568.8304 14517.624 14470.0752 14428.012799999999 14392.046400000001 14359.128 14329.257599999999 14304.8736 14284.1472 14259.7632 14229.283200000002 14191.488000000003 14143.939200000003 14090.2944 14037.2592 13984.833599999998 13933.627199999997 13883.0304 13829.385600000001 13771.473600000001 13711.123200000002 13646.5056 13578.2304 13507.5168 13437.4128 13369.1376 13302.0816 13233.806400000001 13162.4832 13088.7216 13010.692799999999 12930.225599999998 12849.758399999997
15277.1856 15188.793600000003 15107.7168 15034.5648 14968.728 14913.863999999998 14868.753599999998 14827.910399999999 14790.7248 14757.8064 14724.278400000001 14690.140800000003 14653.5648 14613.9408 14573.097600000001 14532.2544 14492.020800000002 14453.616 14418.259200000002 14383.512000000002 14349.374400000002 14316.456 14285.3664 14250.009600000003 14209.776 14164.665599999998 14115.287999999997 14063.471999999998 14013.484799999998 13965.935999999998 13920.825599999996 13876.934399999998 13831.824 13785.494400000001 13739.164800000002 13692.835200000001 13646.505600000002 13600.176000000001 13553.846400000002 13507.516800000001 13458.748800000001 13403.2752 13339.267199999998 13268.553600000001 13189.3056 13103.9616 13016.7888
15262.555199999999 15175.382400000002 15093.696 15019.3248 14951.659199999998 14894.966400000001 14848.027200000002 14805.9648 14767.559999999998 14734.032000000001 14701.113600000002 14670.633600000003 14640.763200000003 14609.6736 14577.974400000001 14545.6656 14512.1376 14476.7808 14442.0336 14406.067200000001 14367.662400000001 14324.990399999999 14282.3184 14235.379199999998 14184.172799999998 14131.137599999996 14079.321599999997 14028.115199999998 13979.347199999998 13934.846399999997 13894.003200000001 13855.7202 13819.1442 13786.835400000002 13757.574600000002 13732.581000000002 13711.732800000002 13692.835200000001 13672.1088 13650.7728 13623.340800000002 13583.716800000002 13530.072000000002 13464.8448 13386.206400000001 13297.8144 13205.155200000001
15242.4384 15157.704 15076.627199999999 15002.256000000001 14933.3712 14876.6784 14828.520000000002 14785.848 14746.833599999998 14713.9152 14681.606400000002 14653.564800000002 14628.5712 14604.1872 14579.1936 14552.9808 14524.3296 14491.411199999999 14456.664 14419.478399999998 14376.806399999998 14328.648 14276.222399999999 14219.529599999998 14159.7888 14100.657599999999 14044.574400000001 13993.368000000002 13945.209600000002 13901.928000000002 13865.1082 13831.945800000001 13805.1234 13787.445000000002 13777.0818 13774.8872 13781.227199999998 13790.3712 13797.686399999999 13802.563200000002 13798.296000000002 13775.740800000003 13733.6784 13674.5472 13596.518399999999 13504.468799999997 13406.323199999997
15214.3968 15132.710399999998 15054.071999999998 14981.5296 14913.864000000001 14857.7808 14810.232 14767.559999999998 14728.545599999998 14696.2368 14664.5376 14638.9344 14616.988799999997 14596.871999999998 14575.535999999996 14553.590399999997 14527.377599999998 14495.678399999999 14461.5408 14424.355199999998 14379.244799999999 14326.819200000002 14268.9072 14205.508799999998 14140.2816 14077.492799999998 14019.5808 13967.7648 13919.606400000002 13876.9344 13842.431 13813.5358 13795.247800000001 13791.590200000002 13798.2958 13816.949600000002 13848.892800000001 13885.468800000002 13918.996799999999 13950.086400000002 13970.203200000002 13965.936000000002 13936.6752 13884.8592 13808.659199999998 13713.561599999997 13609.9296
15179.04 15101.6208 15027.249600000001 14958.3648 14893.7472 14840.102400000002 14793.163199999999 14751.1008 14713.305600000003 14681.606400000004 14651.126400000001 14627.351999999999 14607.235199999997 14588.947199999997 14569.439999999995 14549.323199999997 14524.939199999999 14495.068800000001 14461.540800000002 14424.964800000002 14379.2448 14324.990399999999 14263.420799999998 14196.9744 14128.699200000001 14063.472000000002 14004.340800000004 13952.524800000001 13903.7568 13861.6944 13828.410200000002 13803.172600000002 13791.5902 13799.515 13820.850999999999 13857.7928 13911.071999999998 13970.8128 14028.115199999998 14084.198400000001 14129.3088 14145.1584 14131.137600000002 14089.075200000001 14016.532799999999 13919.606399999999 13811.707199999999
15137.5872 15063.8256 14994.331200000002 14930.3232 14870.582400000001 14819.985600000004 14774.875200000002 14734.032000000001 14698.065600000004 14667.2808 14639.544000000002 14617.598399999997 14599.615199999998 14583.155999999995 14565.782399999998 14546.579999999998 14524.0248 14496.288 14463.9792 14428.012800000002 14382.292800000001 14327.4288 14264.030400000001 14195.755200000001 14125.651200000002 14059.2048 13998.854400000002 13946.428800000002 13897.660800000001 13856.208 13824.752600000002 13802.563 13795.857399999999 13811.706999999999 13843.4062 13893.1496 13962.2784 14040.307200000003 14117.726400000003 14196.364800000001 14264.64 14301.215999999999 14303.6544 14273.784 14207.3376 14111.630400000002 14001.9024
