data/output.txt
ncols 65
nrows 79
xllcorner 774825.0
yllcorner 2537675.0
cellsize 250.0
NODATA_VALUE -9999.0
[rows 27 to 53 of 79, columns 0 to 61 of 65]
0.0 0.0 0.0 0.0 0.0 0.0 0.0 0.0 0.0 0.0 0.0 0.0 0.0 0.0 0.0 0.0 0.0 0.0 0.0 0.0 43.81424 52.78996 48.70543 46.61018 50.035039999999995 50.035039999999995 52.81731 50.51014 52.18839 51.3749 0.0 0.0 0.0 0.0 0.0 44.21757 48.80797 51.77481 52.79339 50.4076 51.53897 50.0453 50.479389999999995 50.50331 53.61028 50.78701 51.82608 46.43245 47.495450000000005 50.08631 51.737210000000005 45.834289999999996 56.019999999999996 56.689930000000004 56.29002 56.97362 53.52142 0.0 0.0 58.398939999999996 53.76069 54.80317
0.0 0.0 0.0 0.0 0.0 0.0 0.0 0.0 0.0 0.0 0.0 0.0 0.0 0.0 0.0 0.0 0.0 0.0 0.0 46.99984 51.40908 49.8197 51.829499999999996 50.964749999999995 50.387100000000004 52.08244 50.01795 48.68492 53.56585 51.34415 49.94959 0.0 49.252309999999994 49.81286 50.33925 48.52086 51.96622 48.425160000000005 52.061930000000004 49.3241 52.31828 49.108760000000004 48.93785 49.30016 60.21732 53.50092 49.32067 47.1263 49.13268 49.78211 52.05509 52.84465 48.87975 56.9702 56.368629999999996 0.0 0.0 0.0 0.0 0.0 53.35735 56.86425
0.0 0.0 0.0 0.0 0.0 0.0 0.0 0.0 0.0 0.0 0.0 0.0 0.0 0.0 0.0 0.0 0.0 0.0 42.99392 51.033100000000005 52.191810000000004 44.76445 52.27726 53.859809999999996 52.93694 53.30609 51.86027 52.05167 49.30359 54.12299 51.443259999999995 49.51892 51.50137 47.597989999999996 49.73083 49.88123 55.192840000000004 53.96919 49.023309999999995 49.25573 54.47846 53.811949999999996 51.49111 54.33491 58.88087 54.74165 48.404650000000004 49.67273 0.0 0.0 51.13906 51.884190000000004 0.0 0.0 0.0 0.0 0.0 0.0 0.0 0.0 0.0 0.0
0.0 0.0 0.0 0.0 0.0 0.0 0.0 0.0 0.0 0.0 0.0 0.0 0.0 0.0 0.0 0.0 0.0 0.0 0.0 47.81675 49.5531 43.65018 48.86608 50.41101999999999 52.18839 49.73083 51.12881 55.92429 52.78312 53.57611 51.1835 50.66737 52.45158 48.98571 51.856849999999994 51.904700000000005 49.94959 52.29435 52.59172 49.10192 44.17655 52.87541 51.09804 49.66931 53.33343 56.16014 49.7411 50.29481 0.0 0.0 0.0 0.0 0.0 0.0 0.0 0.0 0.0 0.0 0.0 0.0 0.0 0.0
0.0 0.0 0.0 0.0 0.0 0.0 0.0 0.0 0.0 0.0 0.0 0.0 0.0 0.0 0.0 0.0 0.0 0.0 0.0 0.0 0.0 50.76649999999999 52.18497 53.53509 53.391540000000006 50.34266 52.342200000000005 49.129270000000005 51.532129999999995 49.83338 51.56973 48.63365 48.11412 50.212779999999995 50.24696 50.53065 50.8622 48.56187 52.41741 52.3969 49.73425 53.353939999999994 51.80216 53.39837 50.88271 55.38766 54.721149999999994 53.500910000000005 0.0 0.0 0.0 0.0 0.0 0.0 0.0 0.0 0.0 0.0 0.0 0.0 0.0 0.0
0.0 0.0 0.0 0.0 0.0 0.0 0.0 0.0 0.0 0.0 0.0 0.0 0.0 0.0 0.0 0.0 0.0 0.0 0.0 0.0 0.0 50.84169 49.09167 51.357820000000004 57.57519 52.352459999999994 56.88134 57.506829999999994 48.59263 44.55254 48.14488 51.884190000000004 47.13314 52.78313 49.76502 50.61269 51.59366 50.41103 51.55606 53.39154 54.0102 50.87245 48.124359999999996 52.31827 52.195229999999995 52.05509 54.84761 51.38174 0.0 0.0 0.0 0.0 0.0 0.0 0.0 0.0 0.0 0.0 0.0 0.0 0.0 0.0
0.0 0.0 0.0 0.0 0.0 0.0 0.0 0.0 0.0 0.0 0.0 0.0 0.0 0.0 0.0 0.0 0.0 0.0 0.0 52.10978 54.84762 50.84853 50.97158 50.89296 51.344139999999996 54.15034 53.634209999999996 54.423770000000005 49.976929999999996 48.842150000000004 50.92715 45.87531 46.47004 49.61804 52.98137 51.70646 48.95495 53.65814 52.154219999999995 52.88909 48.56871 45.84454 49.71716 52.76945 50.20936 52.20206 49.78894 47.567229999999995 0.0 0.0 0.0 0.0 0.0 0.0 0.0 0.0 0.0 0.0 0.0 0.0 0.0 0.0
0.0 0.0 0.0 0.0 0.0 0.0 0.0 0.0 0.0 0.0 0.0 0.0 0.0 0.0 0.0 0.0 0.0 0.0 0.0 45.803529999999995 50.14783 52.212320000000005 51.68253 52.54045 51.29286999999999 51.13906 45.77277 52.895920000000004 0.0 0.0 49.51209 50.84853 47.89878 54.66645 44.070589999999996 43.8074 45.13702 46.234210000000004 52.99163 50.079480000000004 49.577020000000005 46.760580000000004 47.208330000000004 48.97545 46.63411 47.375820000000004 52.2089 51.84317 50.913470000000004 0.0 0.0 0.0 0.0 0.0 0.0 0.0 0.0 0.0 0.0 0.0 0.0 0.0
0.0 0.0 0.0 0.0 0.0 0.0 0.0 0.0 0.0 0.0 0.0 0.0 0.0 0.0 49.95984 55.91403 0.0 53.10442 46.63411 49.87098 47.3895 51.402249999999995 52.84123 53.541929999999994 51.17666 50.65712 53.46673 50.957899999999995 0.0 18.65146 49.85047 47.11605 51.27237 50.024789999999996 41.57544 47.1639 41.40112 45.22247 48.496930000000006 50.49305 53.176199999999994 52.37639 53.36419 49.23522 48.49351 46.32991 44.76787 45.45147 42.84352 0.0 0.0 0.0 0.0 0.0 0.0 0.0 0.0 0.0 0.0 0.0 0.0 0.0
0.0 0.0 0.0 0.0 0.0 0.0 0.0 0.0 0.0 0.0 0.0 0.0 0.0 0.0 0.0 55.237269999999995 54.25629 49.3446 54.980909999999994 49.21813 51.28945 48.84557 50.69471 52.39347 50.339240000000004 56.16697 52.19523 53.651300000000006 51.97647 0.0 54.03754 51.89102 49.59412 49.01305 42.07789 41.03197 40.033919999999995 40.96019 40.13987 45.742 42.252210000000005 45.18145 52.16105 48.82506 48.40464 49.953 49.77527 48.11411 50.75283 0.0 0.0 0.0 0.0 0.0 0.0 0.0 0.0 0.0 0.0 0.0 0.0 0.0
0.0 0.0 0.0 0.0 0.0 0.0 0.0 0.0 0.0 0.0 0.0 0.0 0.0 0.0 0.0 56.119110000000006 51.71329 52.48918 49.06774 53.14544 51.90128 50.34608 50.97841 50.84169 47.49545 54.33491 54.246039999999994 52.78997 55.16549 56.32078 51.56631 47.41 48.55504 47.85776 41.82154 41.281490000000005 42.676050000000004 46.26837999999999 46.801590000000004 41.80102 42.38893 40.50218 44.75762 42.18385 48.41148 51.433009999999996 50.52382 51.1459 47.93296 49.946169999999995 0.0 0.0 0.0 0.0 0.0 0.0 0.0 0.0 0.0 0.0 0.0 0.0
0.0 0.0 0.0 0.0 0.0 0.0 0.0 0.0 0.0 0.0 0.0 0.0 0.0 0.0 0.0 49.36511 51.6586 47.92612 56.248999999999995 53.12151 53.93842 51.98331 51.826080000000005 50.61269 52.61907 51.23818 51.13222 52.56095 47.73813 51.20742 50.9955 45.126760000000004 45.85138 46.89388 48.60973 42.539320000000004 46.31281 41.70874 39.81516 40.061260000000004 40.29368 43.88602 40.36204 45.38653 44.29618 45.99494 52.71477 48.93786 46.67854 46.29915 49.66248 45.64972 0.0 0.0 0.0 0.0 0.0 0.0 0.0 0.0 0.0 0.0
0.0 0.0 0.0 0.0 0.0 0.0 0.0 0.0 0.0 0.0 0.0 0.0 0.0 49.59753 49.60437 51.43985 48.77721 52.660070000000005 51.747460000000004 59.16457 52.102940000000004 50.28114 50.31532 48.36363 50.359750000000005 42.77175 48.73277 50.41786 50.462289999999996 50.18202 47.51938 50.783590000000004 48.8695 45.72149 45.96076 50.03504 45.10626 42.29664 43.263940000000005 47.4852 41.31567 43.906530000000004 42.59059 46.77767 44.135540000000006 44.583299999999994 43.26736 48.64733 47.13314 48.29185 49.29333 48.42174 49.98719 0.0 0.0 0.0 0.0 0.0 0.0 0.0 0.0 0.0
0.0 0.0 0.0 0.0 0.0 0.0 0.0 0.0 0.0 0.0 0.0 0.0 52.60198 47.47836 51.87735 45.571110000000004 48.226910000000004 50.407610000000005 52.164460000000005 52.84465 51.73037 49.1361 50.694720000000004 48.100440000000006 48.62339 51.88077 51.03994 46.52815 50.223029999999994 49.095079999999996 54.0102 52.78997 51.25869 51.15615 48.64049 51.5458 52.20548 48.99596 53.22405 45.4754 45.085750000000004 44.555949999999996 44.95928 43.94071 47.28011 40.56028 45.29083 47.84067 49.60437 45.830870000000004 49.300169999999994 48.61656 48.27818 0.0 0.0 0.0 0.0 0.0 0.0 0.0 0.0 0.0
0.0 0.0 0.0 0.0 0.0 0.0 0.0 0.0 0.0 0.0 0.0 0.0 56.48484 49.92225 43.34598 51.70646 49.50183 49.75135 50.08631 53.20013 59.21926 57.83838 51.398830000000004 55.148399999999995 49.05748 45.86847 48.565290000000005 50.39393 52.04826 46.46662 52.150800000000004 55.99606 53.82562 50.06239 50.171760000000006 53.36761 49.307 49.91883 47.60141 44.81572 48.57897 40.30736 46.61702 44.11161 52.02091 47.49203 51.3168 49.54626 47.30063 47.40317 48.89684 48.15171 49.505250000000004 50.913470000000004 0.0 0.0 0.0 0.0 0.0 0.0 0.0 0.0
0.0 0.0 0.0 0.0 0.0 0.0 0.0 0.0 0.0 0.0 0.0 53.91791 53.39153 50.58192 48.99254 48.21665 51.47060999999999 54.0102 52.68401 54.35883 54.37934 47.01351 49.915409999999994 53.88714 52.154219999999995 51.47744 50.36317 52.01066 48.168800000000005 47.27329 47.45444 51.34756 52.84807 47.430499999999995 50.964740000000006 49.88807 52.68742 50.37684 50.78017 50.7494 49.847049999999996 42.20094 42.33766 43.22976 40.32103 45.89582 48.44224 43.74246 46.62044 49.39587 48.55162 44.96611 47.17074 44.63456 46.93148 45.67706 0.0 0.0 0.0 0.0 0.0 0.0
0.0 0.0 0.0 0.0 0.0 0.0 0.0 0.0 0.0 0.0 59.17482 46.74348 49.180530000000005 51.14589 52.325109999999995 51.92179 50.75283 51.829499999999996 53.87006 54.881789999999995 59.07228 48.60973 49.18054 50.154669999999996 53.22063 52.63274 51.94571 54.33833 48.83874 49.238640000000004 49.6283 48.356790000000004 54.29731 46.979330000000004 49.61121 55.059529999999995 51.32705 50.40077 52.41399 50.5204 48.21323 50.13074 50.30848 44.29618 41.38062 42.93923 41.4353 44.1663 49.77185 49.29333 48.10044 46.67512 49.238640000000004 46.128249999999994 46.92464 46.03254 47.0306 51.7919 0.0 0.0 0.0 0.0
0.0 0.0 0.0 0.0 0.0 0.0 0.0 0.0 0.0 45.29766 49.13268 49.99744 49.82312 52.858329999999995 52.50968 54.751909999999995 52.86516 52.71477 56.4404 51.19374 47.48861 52.6088 48.87975 55.33297 50.8998 51.36123 50.56825 45.98127 41.206289999999996 51.61759 50.34949 50.120490000000004 46.627269999999996 48.1312 50.202529999999996 51.13223 53.68549 53.4804 52.01749 49.9701 46.38117 51.54239 51.815830000000005 52.707939999999994 43.7288 43.56815 41.12084 42.628190000000004 43.13746999999999 42.146240000000006 46.07698 51.576570000000004 47.77573 47.84067 49.785520000000005 49.095079999999996 48.230329999999995 51.68252 0.0 0.0 0.0 0.0
0.0 0.0 0.0 0.0 0.0 0.0 0.0 45.92317 50.33582 49.70691 51.169830000000005 53.65472 52.08927 49.50183 51.63809 52.342209999999994 55.394490000000005 52.85833 54.11274 41.093500000000006 50.407610000000005 53.10442 54.82369 55.08346 48.98571 48.95495 47.345060000000004 50.8998 46.86654 43.42801 48.40464 51.590239999999994 51.121970000000005 51.05361 47.45101 48.19273 50.37684 50.80751 51.183499999999995 51.7543 50.66395 43.65702 49.28991 48.94469 47.70737 47.15706 47.59116 46.80843 48.315780000000004 49.11217 50.81435 47.597989999999996 50.98183 54.54683 53.54193 55.90378 53.62738 0.0 0.0 0.0 0.0 0.0
0.0 0.0 0.0 0.0 0.0 0.0 42.39235 44.59355 46.893879999999996 45.17803 53.69915 53.31634 57.305170000000004 52.26017 52.455 49.912 53.79486 55.36374 51.4501 55.39791 53.29242 50.44862 49.97694 49.679559999999995 53.48382 47.17757 48.18931 49.05064 50.91006 47.47152 49.48474 50.24696 50.08973 49.86756 54.830529999999996 47.36215 44.94219 49.25915 51.49112 55.98582 52.413979999999995 49.098510000000005 48.732780000000005 49.16003 48.5858 45.34552 45.81379 45.63263 51.41934 49.358270000000005 53.531670000000005 51.25528 51.68935999999999 56.9702 54.12299 52.89935 53.57269 51.85684 0.0 0.0 0.0 0.0
0.0 0.0 0.0 0.0 42.97683 44.76787 41.667730000000006 44.08085 46.62386 52.90276 57.08641 52.05167 54.878370000000004 52.11662 56.30369 58.19385 53.412040000000005 51.78848 57.1787 50.58875999999999 55.541470000000004 53.343680000000006 50.0077 53.61028 54.15033 54.11616 49.53259 45.448049999999995 46.41193 50.417860000000005 48.70201 49.843630000000005 50.281130000000005 49.17028 52.25675 55.93796 52.48918 51.87735 52.94377 53.83588 55.9448 52.66691 51.69278 52.957449999999994 50.40076 47.290369999999996 45.94708 46.33674 50.91689 52.05851 55.168899999999994 54.58784 53.11125 55.90036 53.21038 56.76171 54.085390000000004 50.605850000000004 0.0 0.0 0.0 0.0
0.0 0.0 0.0 52.7968 49.44029999999999 46.692220000000006 51.16982 49.00963 55.442350000000005 52.7968 52.98479 55.05611 52.21574 51.460359999999994 52.37638 54.28706 49.38561 52.15763 58.81935 57.69824 52.62932 49.92224 50.27089 50.55458 54.00336 51.955960000000005 52.2089 54.485299999999995 52.85833 51.73721 50.29481 52.77972 50.004279999999994 49.679559999999995 55.486779999999996 58.29639 58.01611 49.77868 55.62008 53.72992 53.54876 51.14248 50.7494 49.59411 50.36658 43.7117 48.43882 47.656099999999995 48.216660000000005 56.73436 59.67386 52.20206 52.77288 54.84762 53.47699 55.486779999999996 55.83542 51.846590000000006 53.15228 54.1435 0.0 0.0
0.0 0.0 44.658500000000004 51.16982 45.93683 49.86072 52.41057 52.65666 51.562889999999996 50.00086 53.94867 56.12595 51.945710000000005 50.71181 54.49213 56.89501 53.59662 51.32705 56.39256 47.97739 48.5277 48.72936 49.01305 49.43005 47.71078 50.708389999999994 53.70941 55.30563 46.82894 49.51208 48.29185 51.50137 49.54968 49.08142 51.781639999999996 54.33491 53.12151 46.51106 50.09998 50.29481 46.893879999999996 54.54341 56.62498000000001 51.20742 50.41103 41.59254 45.90948 47.68344 50.89296 49.46423 46.81526 52.755790000000005 56.83006 55.85593 52.98137 54.93306 55.84567 54.02729 56.99412 56.44383 55.456019999999995 0.0
0.0 0.0 50.96132 52.95402 49.20788 46.90072 53.48382 51.93205 53.28557 53.44964 56.27634 59.06886 55.5654 54.97749 51.091210000000004 57.19921 61.10601 52.04141 55.90036 48.06626 51.491119999999995 50.708389999999994 52.06876 48.431979999999996 48.78404 50.95107 47.61166 50.61952 47.608239999999995 45.57794 54.878370000000004 56.13279 54.07855 54.57759 53.986270000000005 51.87393 51.135639999999995 43.82108 48.069680000000005 43.28103 42.62135 46.640950000000004 51.18691 51.44668 47.66635 46.77767 48.78746 49.368520000000004 49.597539999999995 47.63217 47.891940000000005 52.60198 50.43495 46.26155 48.920770000000005 49.17712 55.3193 57.021469999999994 54.1435 54.71772 54.72798 0.0
0.0 0.0 55.84225 46.5179 47.96372 48.55846 50.20936 50.7665 50.82119 52.23625 55.011669999999995 59.00734 60.13529 57.44873 56.28318 55.42184 51.036519999999996 48.575540000000004 51.043350000000004 63.08846 49.183949999999996 50.54091 48.14829 48.00474 50.42127 51.85343 49.36853 46.23762 47.864599999999996 53.26165 56.51902 53.12835 59.465360000000004 48.73277 51.084379999999996 57.35302 52.62248 46.86995 45.42755 47.211749999999995 48.38072 47.89877 49.724000000000004 43.038349999999994 41.91041 41.85571 41.8147 42.074470000000005 43.8826 46.791340000000005 48.17222 44.59697 40.24583 41.719 44.34404 43.25369 45.43096 47.88169 53.70258 62.688550000000006 51.60391 0.0
0.0 46.42903 51.99698 52.54387 54.14008 54.116150000000005 50.48622 53.196709999999996 54.680130000000005 57.40429 54.16743 54.74507 56.53269 54.61519 54.24946 55.57907 54.76558 48.59605 51.50137 47.70053 45.7215 49.31726 47.35189 51.76456 50.342659999999995 53.57269 48.59263 51.350970000000004 54.68696 54.912549999999996 55.36031 56.43015 54.95015 49.72058 55.30905 55.69528 52.19181 50.12732 47.464690000000004 44.83281 45.02422 47.307460000000006 41.23023 40.91918 43.30154 41.472899999999996 41.47632 41.85572 41.77711 41.98219 42.51882 43.34939 41.24047 42.641859999999994 42.05054 41.510490000000004 41.82837 47.652680000000004 54.22553 58.28614 55.96531 53.870059999999995
0.0 49.98035 50.96474 56.01999 52.721599999999995 50.72206 51.37148 55.41158 59.1509 58.72706 56.139619999999994 59.287620000000004 56.73436 57.26074 50.95107 48.346540000000005 59.33206 54.23237 50.845110000000005 46.75374 48.12436 47.772310000000004 46.69905 47.437349999999995 48.507189999999994 49.467650000000006 49.73425 51.29286999999999 52.14054 53.559020000000004 53.70258 54.18794 50.63661999999999 49.816289999999995 50.61269 48.40123 46.405100000000004 43.72537 44.16288 43.50662 42.2693 45.44122 42.67946 43.342560000000006 42.90505 40.65258 41.6438 41.64038 41.70532 42.09156 43.13748 41.33618 41.14135 42.33082 42.01636 41.11059 44.02274 47.84409 53.935 0.0 62.59626 59.20217
