out/production/GISProjectupd/data/output.txt
ncols 180
nrows 180
xllcorner 0.0
yllcorner 0.0
cellsize 20.0
NODATA_VALUE -9999.0
[rows 56 to 83 of 180, columns 64 to 127 of 180]
307.2384 305.7144 303.8856 302.0568 300.228 298.3992 296.8752 295.3512 293.8272 292.3032 290.4744 288.6456 286.512 283.1592 279.5016 275.844 272.1864 268.8336 265.4808 263.652 262.128 260.604 259.9944 259.3848 259.9276 259.08 259.6896 260.2992 261.5184 263.0424 264.5664 266.7 269.1384 271.8816 274.9296 277.9776 281.0256 283.7688 286.512 289.2552 291.9984 294.7416 296.5704 296.8752 296.2656 295.656 294.4368 293.2176 291.6936 290.4744 289.2552 287.7312 286.2072 284.6832 283.1592 281.6352 280.1112 278.892 277.6728 276.4536 275.2344 274.0152 273.1008 271.8816
306.0192 304.1904 302.3616 300.5328 298.704 297.18 295.3512 294.132 292.608 291.3888 289.56 287.4264 285.2928 282.2448 278.892 275.844 272.796 269.748 267.0048 264.8712 263.0424 261.2136 260.2992 259.3848 259.7752 258.7752 259.08 259.3848 260.2992 261.5184 262.7376 264.8712 267.0048 269.1384 272.1864 274.9296 277.9776 280.7208 283.464 285.9024 288.6456 291.084 292.9128 293.8272 294.4368 294.4368 294.132 293.2176 292.3032 291.084 289.8648 288.3408 286.8168 285.2928 283.7688 282.2448 280.416 278.892 277.6728 276.1488 274.6248 273.4056 272.1864 270.9672
304.8 302.9712 301.1424 299.3136 297.4848 295.656 293.8272 292.608 291.6936 290.1696 288.3408 286.512 284.3784 281.6352 278.5872 275.844 273.1008 270.6624 268.224 265.7856 263.652 261.8232 260.604 259.3848 258.7752 259.4704 258.4704 258.7752 259.3848 259.9944 261.2136 262.7376 264.5664 266.7 269.1384 271.8816 274.6248 277.368 280.1112 282.8544 285.2928 287.4264 289.56 291.084 292.3032 293.2176 293.2176 293.2176 292.608 291.6936 290.4744 288.9504 287.4264 285.9024 284.0736 282.5496 280.7208 279.1968 277.368 275.844 274.32 272.796 271.5768 270.0528
303.276 301.4472 299.9232 298.0944 295.9608 294.132 292.3032 291.084 290.1696 288.9504 287.4264 285.5976 283.464 281.0256 278.5872 275.844 273.4056 270.9672 268.8336 266.3952 264.2616 262.128 260.9088 259.6896 258.7752 259.1656 258.1656 257.8608 258.4704 258.7752 259.6896 260.9088 262.7376 264.2616 266.3952 268.8336 270.9672 274.0152 276.7584 279.5016 282.2448 284.6832 287.1216 288.6456 290.1696 291.3888 291.9984 292.3032 291.9984 291.084 289.8648 288.6456 287.1216 285.5976 284.0736 282.2448 280.7208 278.892 277.0632 275.5392 273.7104 272.1864 270.6624 269.1384
301.752 300.228 298.3992 296.5704 294.4368 292.3032 290.4744 289.56 288.6456 287.7312 286.512 284.6832 283.1592 281.0256 278.5872 276.4536 274.0152 271.5768 269.1384 266.7 264.5664 262.7376 261.2136 259.6896 258.7752 258.1656 258.556 257.2512 257.556 257.556 258.1656 259.3848 260.604 262.128 263.652 265.4808 267.3096 270.0528 273.4056 276.4536 279.1968 282.2448 284.6832 286.512 288.3408 289.8648 290.4744 291.084 291.3888 290.4744 289.2552 288.036 286.8168 284.988 283.464 281.94 280.416 278.5872 276.7584 274.9296 273.1008 271.5768 269.748 268.224
300.5328 299.0088 297.18 295.3512 293.2176 291.084 289.2552 288.036 287.4264 286.8168 285.5976 284.0736 282.5496 280.7208 278.5872 276.7584 274.32 271.8816 269.4432 267.3096 265.176 264.3472 262.5184 260.9944 259.7752 258.8608 258.2512 257.9464 256.6416 256.6416 256.6416 257.8608 258.7752 259.9944 261.2136 262.4328 264.2616 267.0048 270.3576 273.4056 276.4536 279.5016 281.94 284.0736 285.9024 287.7312 288.6456 289.56 289.8648 289.2552 288.3408 287.1216 285.9024 284.3784 282.8544 281.3304 279.8064 277.9776 276.1488 274.32 272.4912 270.6624 268.8336 267.3096
299.3136 297.7896 296.2656 294.4368 292.608 290.4744 288.9504 287.7312 287.1216 286.2072 284.988 283.7688 282.2448 280.7208 278.892 277.0632 274.6248 272.4912 270.3576 268.224 267.0904 264.2616 262.4328 260.604 259.08 258.1656 257.556 257.6416 257.3368 256.032 256.032 256.6416 257.8608 258.7752 259.6896 260.9088 262.4328 264.8712 267.9192 270.6624 273.4056 276.1488 278.5872 280.7208 282.5496 284.0736 285.2928 286.2072 286.512 286.2072 285.5976 284.6832 283.464 282.2448 281.0256 279.5016 277.9776 276.4536 274.9296 272.796 270.9672 269.4432 267.6144 266.0904
298.0944 296.8752 295.3512 294.132 292.3032 290.4744 288.9504 287.7312 286.8168 285.9024 284.6832 283.464 281.94 280.416 278.892 277.368 275.2344 273.1008 271.9672 269.8336 267.0048 265.176 263.3472 261.2136 259.6896 258.4704 257.556 256.6416 256.3368 256.72720000000004 255.4224 256.032 256.6416 257.556 258.4704 259.6896 261.2136 263.3472 265.7856 268.224 270.6624 272.796 274.9296 276.7584 278.5872 280.1112 281.3304 282.2448 282.8544 282.8544 282.2448 281.94 281.0256 279.8064 278.892 277.6728 276.4536 274.9296 273.1008 271.5768 269.748 268.224 266.7 265.176
296.8752 295.656 294.7416 293.5224 291.9984 290.4744 288.9504 287.7312 286.8168 285.5976 284.3784 283.1592 281.94 280.7208 279.1968 277.6728 276.844 274.7104 271.8816 270.0528 267.9192 266.0904 264.2616 262.128 260.2992 259.08 257.8608 256.9464 256.032 255.4224 256.11760000000004 255.4224 255.7272 256.3368 257.2512 258.4704 259.6896 261.5184 263.652 265.7856 267.6144 269.4432 271.272 273.1008 274.6248 276.1488 277.368 278.2824 278.892 279.1968 278.892 278.892 278.2824 277.368 276.4536 275.2344 274.32 273.1008 271.5768 269.748 268.224 266.7 265.4808 263.9568
296.2656 295.0464 294.132 292.9128 291.6936 290.4744 288.9504 288.036 286.8168 285.9024 284.6832 283.464 282.2448 281.0256 280.8064 279.2824 276.7584 274.6248 272.796 271.272 269.4432 267.6144 265.7856 263.652 261.5184 259.9944 258.7752 257.556 256.3368 257.72720000000004 257.0262 255.9652 255.1176 255.4224 256.3368 257.2512 258.4704 259.9944 261.5184 263.0424 264.5664 266.3952 267.9192 269.4432 270.6624 272.1864 273.1008 274.0152 274.6248 274.9296 274.9296 274.9296 274.32 273.7104 273.4056 272.4912 271.5768 270.6624 269.4432 267.9192 266.3952 265.176 263.9568 262.7376
295.3512 294.4368 293.5224 292.608 291.3888 290.1696 288.9504 288.036 287.1216 285.9024 284.988 283.7688 282.8544 282.6352 280.416 279.1968 277.6728 275.844 274.32 272.796 270.9672 269.4432 267.3096 265.176 263.0424 261.5184 259.6896 260.1656 258.9464 257.72720000000004 256.81280000000004 255.8128 254.8128 254.8128 255.4224 256.032 256.9464 258.1656 259.3848 260.604 261.8232 263.0424 264.2616 265.4808 267.0048 267.9192 268.8336 269.4432 270.0528 270.3576 270.6624 270.6624 270.3576 270.0528 269.748 269.1384 268.8336 267.9192 267.0048 265.7856 264.8712 263.652 262.7376 261.8232
294.7416 293.8272 293.2176 292.3032 291.3888 290.1696 288.9504 288.036 287.1216 286.2072 285.2928 285.0736 284.1592 282.2448 281.0256 279.8064 278.5872 277.0632 275.5392 274.0152 272.796 270.9672 269.1384 266.7 264.5664 262.7376 262.9088 261.08 259.556 258.032 257.11760000000004 256.7518 255.6909 255.6299 254.8128 255.1176 255.7272 256.3368 257.2512 258.1656 259.08 259.9944 260.9088 262.128 263.0424 263.9568 264.5664 265.176 265.7856 266.0904 266.3952 266.3952 266.3952 266.7 266.3952 266.3952 265.7856 265.4808 264.8712 263.9568 263.0424 262.4328 261.5184 260.604
294.132 293.5224 292.9128 292.3032 291.3888 290.4744 289.56 288.6456 287.7312 286.8168 286.5976 284.6832 283.7688 282.5496 281.6352 280.7208 279.5016 278.2824 277.0632 275.5392 274.32 272.796 270.6624 268.5288 266.0904 264.2616 262.128 262.2992 260.7752 259.2512 257.72720000000004 255.1176 254.8128 254.8128 255.569 254.8128 254.8128 255.1176 255.7272 256.032 256.6416 257.2512 257.8608 258.7752 259.6896 260.2992 260.9088 261.5184 261.8232 262.4328 262.7376 263.0424 263.3472 263.3472 263.652 263.652 263.652 263.3472 263.0424 262.4328 261.8232 261.2136 260.9088 260.2992
293.5224 293.2176 292.9128 292.3032 291.3888 290.7792 289.8648 288.9504 288.036 288.1216 286.2072 285.2928 284.0736 283.1592 282.2448 281.3304 280.416 279.5016 278.2824 277.0632 275.844 274.32 272.1864 270.0528 267.9192 265.7856 263.652 261.8232 259.9944 258.1656 256.9464 256.032 255.4224 255.1176 254.8128 255.508 254.2032 254.2032 254.2032 254.2032 254.2032 254.508 254.8128 255.4224 256.3368 256.9464 257.2512 257.556 258.1656 258.4704 259.08 259.6896 259.9944 260.604 260.9088 261.2136 261.2136 261.2136 261.2136 260.9088 260.9088 260.604 259.9944 259.6896
293.2176 292.9128 292.608 292.3032 291.6936 291.084 290.4744 289.56 289.6456 287.7312 286.8168 285.9024 284.6832 283.7688 282.8544 281.94 281.3304 280.416 279.5016 278.5872 277.368 275.844 273.7104 271.5768 269.4432 267.3096 265.176 263.3472 261.5184 259.6896 258.1656 257.2512 256.3368 255.7272 254.8128 256.20320000000004 254.5936 254.2888 254.1364 253.984 252.6792 252.3744 252.3744 252.6792 253.5936 253.8984 254.2032 254.508 254.8128 255.4224 256.032 256.6416 257.2512 257.8608 258.4704 258.7752 259.08 259.3848 259.6896 259.6896 259.6896 259.6896 259.6896 259.3848
292.9128 292.9128 292.608 292.3032 291.6936 291.3888 291.7792 290.8648 289.8648 288.3408 287.4264 286.512 285.5976 284.6832 283.7688 282.8544 281.94 281.3304 280.416 279.5016 278.2824 277.0632 275.2344 273.1008 271.272 269.1384 267.3096 265.176 263.652 261.8232 260.2992 259.08 258.1656 257.2512 256.032 256.81280000000004 255.8984 255.2888 255.2888 254.984 253.3744 253.0696 252.9172 252.7648 252.3744 252.6792 252.984 252.984 253.2888 253.5936 254.2032 254.8128 255.4224 256.032 256.6416 257.2512 257.8608 258.1656 258.7752 259.08 259.3848 259.3848 259.5372 259.6896
292.9128 292.608 292.608 292.3032 291.9984 292.3888 291.084 290.1696 290.1696 288.9504 288.3408 287.4264 286.512 285.5976 284.3784 283.464 282.8544 282.2448 281.3304 280.416 279.1968 277.9776 276.4536 274.9296 273.1008 271.272 269.1384 267.3096 265.7856 264.2616 262.7376 261.5184 260.2992 258.7752 257.2512 255.7272 254.508 255.8984 255.5936 255.2888 254.984 254.3744 254.0696 254.0696 252.46 251.7648 252.0696 252.0696 252.0696 252.6792 252.984 253.2888 253.8984 254.508 255.1176 255.7272 256.6416 257.2512 257.8608 258.4704 259.08 259.3848 259.6896 259.6896
292.608 292.608 293.3337 293.3032 292.9984 291.6936 291.3888 290.6268 290.6268 289.8648 288.9504 288.036 287.4264 286.2072 285.2928 284.3784 283.7688 283.1592 282.2448 281.3304 280.1112 279.1968 277.6728 276.4536 274.9296 273.4056 271.5768 269.748 268.224 267.0048 265.4808 263.9568 262.7376 261.2136 259.3848 257.2512 255.7272 255.1176 256.81280000000004 256.50800000000004 255.8984 255.2888 254.6792 254.0696 253.7648 252.3076 251.7648 251.6124 251.46 251.46 251.7648 252.0696 252.6792 253.2888 253.8984 254.8128 255.7272 256.6416 257.2512 258.1656 258.7752 259.3848 259.6896 259.9944
292.4556 293.3642 292.608 292.3032 292.3032 291.9984 291.6936 290.7792 290.9316 290.1696 289.56 288.9504 288.036 287.1216 285.9024 284.988 284.3784 284.0736 283.464 282.5496 281.3304 280.1112 279.1968 278.2824 277.368 275.844 274.32 272.796 271.5768 270.3576 269.4432 268.224 266.7 265.4808 263.652 261.5184 259.9944 259.08 258.4704 259.556 258.6416 257.72720000000004 256.50800000000004 255.5936 254.3744 253.46 254.2162 253.2466 253.3076 253.3076 251.46 251.46 252.0696 252.6792 253.2888 254.2032 255.1176 256.032 256.9464 257.8608 258.7752 259.3848 259.9944 260.604
293.3946 292.5775 292.608 292.608 292.3032 292.3032 291.9984 290.9316 291.084 290.7792 290.1696 289.56 288.6456 287.7312 286.512 285.5976 285.2928 284.988 284.6832 283.7688 282.2448 281.3304 280.7208 280.416 279.8064 278.5872 277.0632 275.844 274.9296 274.32 273.7104 272.4912 271.5768 270.3576 268.5288 266.7 264.8712 263.652 262.7376 261.5184 259.9944 258.4704 258.9464 257.11760000000004 256.59360000000004 255.0696 254.46 254.1857 254.2162 253.1857 253.2162 253.3076 251.46 252.0696 252.984 253.8984 254.8128 256.032 256.9464 257.8608 259.08 259.6896 260.604 261.2136
292.4861 292.547 292.5775 292.608 292.608 292.3032 295.3032 294.9984 291.9984 291.084 290.4744 290.1696 289.56 288.3408 287.4264 286.512 286.2072 286.2072 285.9024 284.988 283.7688 282.8544 282.5496 282.8544 282.5496 281.6352 280.1112 279.1968 278.5872 278.2824 277.6728 276.7584 275.844 274.6248 273.1008 271.272 269.748 268.224 267.0048 265.4808 263.3472 261.5184 259.3848 259.2512 257.81280000000004 255.984 255.0696 254.46 254.1552 254.1552 253.1857 253.2466 253.3076 251.7648 252.3744 253.5936 254.508 255.7272 256.9464 258.1656 259.08 260.2992 261.2136 262.128
292.4556 292.5166 292.547 292.5775 292.608 292.608 295.3032 292.3032 291.9984 291.6936 291.3888 290.7792 290.4744 289.56 288.6456 288.036 288.036 288.036 288.036 287.1216 286.2072 285.2928 285.5976 285.9024 285.9024 285.2928 283.7688 282.8544 282.2448 281.94 281.6352 280.7208 279.5016 278.2824 276.7584 275.5392 274.0152 272.4912 271.272 269.4432 267.3096 265.176 263.0424 260.2992 259.2512 257.81280000000004 256.28880000000004 255.0696 254.1552 254.1247 253.1247 253.1552 251.3076 251.46 252.0696 253.2888 254.508 256.032 257.2512 258.4704 259.6896 260.9088 262.4328 263.3472
292.547 292.4861 292.5166 292.5775 292.5775 292.608 292.608 292.3032 292.3032 291.9984 291.9984 291.6936 291.3888 290.7792 290.1696 289.8648 289.8648 289.8648 289.8648 289.56 288.6456 288.3408 288.6456 289.2552 289.56 288.9504 287.7312 286.8168 286.2072 285.9024 285.2928 284.0736 282.8544 281.3304 280.416 279.1968 278.2824 276.7584 275.2344 273.7104 271.5768 269.1384 266.7 263.652 260.2992 260.2512 258.11760000000004 256.28880000000004 253.2888 252.984 252.0942 251.1552 251.1552 251.1552 251.7648 252.984 254.8128 256.3368 257.8608 259.08 260.604 262.128 263.3472 264.8712
292.608 292.608 292.5775 292.547 292.5775 292.608 292.608 292.608 292.608 292.608 292.608 292.608 292.608 292.3032 291.6936 291.3888 291.3888 291.6936 291.6936 291.6936 291.3888 291.3888 291.6936 292.3032 292.9128 292.3032 291.3888 290.7792 290.1696 289.56 288.6456 287.4264 285.9024 284.3784 283.7688 282.8544 282.2448 281.0256 279.5016 277.9776 275.844 273.4056 270.6624 267.3096 263.3472 260.4516 257.2512 254.508 254.6604 253.1364 251.1247 252.0638 251.1247 251.0942 251.46 252.984 254.508 256.3368 257.8608 259.3848 261.2136 263.0424 264.5664 266.3952
292.9128 292.9128 292.608 292.5775 292.608 292.9128 292.9128 292.9128 293.2176 293.2176 293.2176 293.2176 293.5224 293.2176 292.9128 292.9128 292.9128 293.2176 293.5224 293.5224 293.5224 293.8272 294.132 294.7416 295.0464 294.7416 294.132 293.8272 292.9128 292.3032 291.084 289.8648 288.3408 287.1216 286.512 285.9024 285.2928 284.3784 283.464 282.2448 280.416 277.9776 275.2344 271.8816 268.224 263.9568 260.604 257.556 254.8128 253.2888 252.0696 251.1552 252.0333 251.0638 251.1552 252.3744 254.2032 255.7272 257.556 259.6896 261.5184 263.652 265.7856 267.9192
293.2176 292.9128 292.9128 292.608 292.9128 293.2176 293.2176 293.5224 293.5224 293.8272 293.8272 294.132 294.132 294.132 294.132 294.4368 294.4368 294.7416 295.0464 295.3512 295.656 296.2656 296.5704 296.8752 296.8752 296.8752 296.8752 296.5704 295.656 294.4368 293.5224 291.9984 290.7792 289.56 288.9504 288.6456 288.3408 288.036 287.7312 286.8168 284.988 282.5496 280.1112 276.1488 272.1864 268.224 264.2616 260.604 257.2512 255.1176 253.2888 251.46 252.0028 251.0333 251.3076 252.0696 253.5936 255.1176 257.2512 259.3848 261.8232 264.2616 267.0048 269.1384
293.5224 293.2176 292.9128 292.9128 293.2176 293.5224 293.8272 293.8272 294.132 294.132 294.4368 294.7416 295.0464 295.0464 295.3512 295.656 295.656 295.9608 296.5704 296.8752 297.4848 298.0944 298.3992 298.3992 298.3992 298.704 299.0088 299.0088 298.0944 297.18 295.9608 294.7416 293.5224 292.608 291.9984 291.6936 291.3888 291.3888 291.3888 290.7792 288.9504 286.8168 283.7688 280.416 275.9964 272.1864 268.224 263.9568 259.9944 257.2512 254.508 252.3744 251.1552 251.9723 251.1552 251.46 252.984 254.508 256.9464 259.3848 261.8232 264.8712 267.6144 270.3576
294.132 293.8272 293.5224 293.5224 293.8272 294.132 294.4368 294.4368 294.7416 295.0464 295.3512 295.3512 295.656 295.9608 296.2656 296.2656 296.5704 296.8752 297.18 297.7896 298.3992 298.704 299.0088 299.0088 299.0088 299.6184 299.9232 300.5328 300.228 299.9232 299.6184 298.704 297.7896 297.18 296.2656 295.656 295.0464 294.7416 294.132 293.2176 291.6936 289.56 287.4264 283.7688 279.8064 275.844 271.272 267.0048 262.7376 259.3848 256.032 253.2888 252.0696 251.1552 251.9418 251.1552 252.6792 254.2032 256.3368 258.7752 261.2136 264.2616 267.3096 269.748
