out/production/GISProjectupd/data/output.txt
ncols 180
nrows 180
xllcorner 0.0
yllcorner 0.0
cellsize 20.0
NODATA_VALUE -9999.0
[rows 140 to 167 of 180, columns 0 to 63 of 180]
298.0944 298.704 301.4472 304.8 307.5432 309.6768 311.5056 313.3344 315.468 317.2968 318.8208 320.04 320.9544 321.8688 322.4784 323.088 323.6976 324.0024 324.612 325.2216 325.2216 325.2216 325.2216 325.2216 324.9168 324.612 324.0024 323.3928 322.7832 322.1736 321.8688 321.2592 320.9544 320.6496 320.04 319.7352 319.7352 319.4304 318.8208 318.2112 317.9064 317.2968 316.6872 316.0776 315.468 314.5536 313.944 313.3344 312.7248 312.1152 312.5056 311.2008 310.5912 310.2864 309.9816 309.372 309.0672 308.4576 308.1528 306.9336 306.0192 304.8 303.276 301.752
295.656 296.2656 298.704 301.752 304.8 307.2384 309.372 311.5056 313.3344 315.1632 316.992 318.2112 319.7352 320.6496 321.564 322.1736 322.4784 323.088 323.6976 324.3072 324.3072 324.3072 324.3072 324.3072 324.0024 323.6976 323.3928 322.7832 322.1736 321.8688 321.564 321.2592 320.9544 320.6496 320.3448 320.04 319.7352 319.4304 319.1256 318.8208 318.2112 317.6016 317.2968 316.3824 315.7728 314.8584 313.944 313.3344 312.7248 312.1152 311.5056 311.896 310.5912 310.2864 309.6768 309.372 308.7624 308.1528 307.5432 306.324 305.1048 304.1904 302.9712 301.752
293.8272 294.132 296.5704 299.3136 302.0568 304.8 306.9336 309.372 311.2008 313.0296 314.8584 316.6872 318.2112 319.7352 320.3448 320.9544 321.564 322.1736 322.7832 323.3928 323.3928 323.6976 323.6976 323.3928 323.3928 323.088 322.7832 322.1736 321.8688 321.564 321.2592 320.9544 320.6496 320.6496 320.3448 320.1924 320.04 319.7352 319.4304 319.1256 318.8208 318.2112 317.6016 316.992 316.0776 315.1632 314.2488 313.6392 313.0296 312.1152 311.5056 310.896 311.2864 310.9816 310.6768 310.372 309.4576 308.848 307.9336 307.0192 305.8 304.5808 303.6664 302.752
292.9128 293.2176 295.0464 297.4848 299.9232 302.3616 305.1048 307.5432 309.6768 311.5056 313.3344 315.1632 316.6872 317.9064 318.8208 319.7352 320.6496 321.2592 321.564 322.1736 322.4784 322.4784 322.7832 322.7832 322.4784 322.1736 322.1736 321.8688 321.564 321.2592 320.9544 320.6496 320.6496 320.3448 320.3448 320.1924 320.04 319.7352 319.7352 319.4304 319.1256 318.516 317.9064 317.2968 316.6872 315.7728 314.8584 313.944 313.3344 312.42 311.8104 310.896 310.2864 309.9816 309.6768 309.372 308.4576 307.848 306.9336 306.0192 304.8 303.5808 302.6664 302.0568
292.3032 292.608 294.132 295.9608 298.0944 300.5328 302.9712 305.7144 307.848 309.9816 312.1152 313.6392 314.8584 316.0776 317.2968 318.516 319.4304 320.04 320.6496 320.9544 321.2592 321.564 321.8688 321.8688 321.564 321.564 321.2592 321.2592 320.9544 320.9544 320.6496 320.3448 320.3448 320.3448 320.04 320.04 320.04 320.04 319.7352 319.7352 319.4304 318.8208 318.2112 317.6016 316.992 316.0776 315.1632 314.5536 313.6392 312.7248 311.8104 311.2008 310.5912 310.2864 309.6768 309.372 308.7624 307.848 306.9336 306.0192 305.1048 303.8856 302.9712 302.0568
291.9984 292.3032 293.2176 294.7416 296.2656 298.704 301.4472 303.8856 306.324 308.4576 310.5912 312.1152 313.0296 314.5536 315.7728 317.2968 318.516 319.1256 319.4304 319.7352 320.04 320.6496 320.9544 320.9544 320.9544 320.6496 320.6496 320.6496 320.6496 320.3448 320.3448 320.1924 320.1924 320.1924 320.0095 320.0095 320.0095 320.04 320.04 319.7352 319.4304 319.1256 318.8208 318.2112 317.2968 316.6872 315.7728 314.8584 313.944 313.0296 312.42 311.5056 310.896 310.2864 309.6768 309.372 308.7624 307.848 307.2384 306.0192 305.1048 303.8856 302.9712 302.0568
291.3888 291.6936 292.9128 294.132 295.656 297.7896 299.9232 302.0568 304.4952 306.6288 308.7624 310.2864 311.5056 312.7248 314.2488 315.7728 316.992 317.6016 318.2112 318.516 319.1256 319.4304 319.7352 320.04 320.04 320.04 320.3448 320.3448 320.3448 320.3448 320.2229 320.1619 320.1619 320.1619 320.0095 319.9791 319.9791 320.0095 320.04 320.04 319.7352 319.4304 319.1256 318.516 317.9064 316.992 316.3824 315.468 314.5536 313.6392 312.7248 312.1152 311.2008 310.5912 309.9816 309.6768 308.7624 308.1528 307.2384 306.0192 305.1048 303.8856 302.9712 302.0568
291.3583 291.3888 292.3032 293.8272 295.3512 296.8752 298.704 300.5328 302.6664 304.8 306.6288 308.1528 309.6768 311.2008 312.7248 314.2488 315.468 316.0776 316.6872 317.2968 317.9064 318.516 318.8208 319.1256 319.4304 319.7352 319.7352 320.04 320.04 320.04 320.101 320.101 320.101 320.101 320.0095 319.9791 319.9485 319.9791 320.0095 320.04 319.7352 319.7352 319.4304 318.8208 318.2112 317.6016 316.6872 315.7728 315.1632 314.2488 313.3344 312.42 311.8104 310.896 310.2864 309.6768 309.0672 308.1528 307.2384 306.0192 304.8 303.5808 302.6664 302.0568
291.3279 291.3583 291.9984 293.5224 295.0464 296.2656 297.7896 299.3136 301.1424 302.9712 304.8 306.6288 308.1528 309.6768 311.2008 312.42 313.6392 314.5536 315.468 316.0776 316.6872 317.2968 317.9064 318.2112 318.8208 319.1256 319.4304 319.7352 319.7352 320.04 320.04 320.04 320.04 320.04 319.8876 319.8876 319.8876 319.9181 319.9485 320.04 320.04 319.7352 319.7352 319.4304 318.516 317.9064 317.2968 316.3824 315.468 314.8584 313.944 313.0296 312.1152 311.5056 310.5912 309.9816 309.0672 308.1528 307.2384 306.0192 304.8 303.5808 302.6664 302.0568
291.2974 291.2974 291.9984 293.5224 295.0464 296.2656 297.4848 298.704 300.228 302.0568 303.8856 305.4096 306.9336 308.4576 309.6768 311.2008 312.42 313.3344 313.944 314.8584 315.468 316.0776 316.6872 317.2968 317.9064 318.516 318.8208 319.1256 319.4304 319.4304 319.4304 319.7352 319.7352 319.7352 319.7352 319.8267 319.8267 319.8571 319.8571 319.8571 320.04 320.04 319.7352 319.4304 318.8208 318.2112 317.6016 316.6872 316.0776 315.1632 314.2488 313.3344 312.42 311.5056 310.896 309.9816 309.372 308.4576 307.848 306.6288 305.4096 304.1904 303.276 302.0568
291.2059 291.2364 292.3032 293.5224 294.7416 295.9608 297.18 298.704 299.9232 301.4472 302.9712 304.4952 305.7144 307.2384 308.4576 309.6768 310.896 311.8104 312.7248 313.6392 314.2488 315.1632 315.7728 316.3824 317.2968 317.9064 318.2112 318.516 318.8208 318.8208 319.1256 319.1256 319.4304 319.4304 319.7352 319.7352 319.7961 319.8267 319.8267 319.8876 319.8571 320.04 319.7352 319.4304 319.1256 318.516 317.9064 316.992 316.3824 315.468 314.5536 313.6392 312.42 311.8104 310.896 310.2864 309.6768 309.0672 308.4576 307.2384 306.6288 306.1411 305.1048 302.9712
291.1754 291.3888 292.3032 293.5224 294.7416 295.9608 297.18 298.3992 299.6184 300.8376 302.0568 303.5808 304.8 306.0192 307.2384 308.4576 309.372 310.5912 311.5056 312.42 313.0296 313.944 314.5536 315.468 316.3824 317.2968 317.6016 317.9064 318.2112 318.2112 318.516 318.8208 318.8208 319.1256 319.4304 319.4304 319.7352 319.7961 319.8267 319.8267 319.7961 320.04 319.7352 319.7352 319.1256 318.516 317.9064 317.2968 316.3824 315.7728 314.5536 313.6392 312.7248 311.8104 310.896 310.2864 309.6768 309.372 308.7624 307.848 308.6288 306.324 306.324 304.1904
291.145 291.3888 292.3032 293.5224 294.7416 295.656 296.8752 297.7896 299.0088 300.228 301.4472 302.6664 303.8856 305.1048 306.0192 307.2384 308.1528 309.372 310.2864 311.2008 312.1152 312.7248 313.6392 314.5536 315.468 316.3824 316.6872 316.992 317.2968 317.6016 317.9064 318.2112 318.516 318.516 318.8208 319.1256 319.4304 319.7352 319.7657 319.7961 319.7657 319.7961 319.7657 319.7352 319.1256 318.516 317.9064 317.2968 316.3824 315.468 314.5536 313.3344 312.42 311.5056 310.896 309.9816 309.6768 309.0672 308.7624 307.848 309.2384 308.0192 307.1048 305.8856
291.1145 291.3888 292.3032 293.2176 294.4368 295.3512 296.5704 297.4848 298.3992 299.6184 300.8376 302.0568 302.9712 304.1904 305.1048 306.0192 307.2384 308.1528 309.0672 309.9816 310.896 311.8104 312.42 313.3344 314.5536 315.1632 315.7728 316.0776 316.6872 316.992 317.2968 317.6016 317.9064 317.9064 318.2112 318.516 319.1256 319.4304 319.7352 319.7352 319.7657 319.7657 319.7352 319.7352 319.1256 318.516 317.9064 316.992 316.0776 315.468 314.2488 313.3344 312.1152 311.2008 310.5912 309.6768 309.372 308.7624 308.4576 308.1528 309.5432 308.9336 308.0192 306.1904
291.084 291.084 291.9984 293.2176 294.4368 295.0464 295.9608 296.8752 298.0944 299.0088 300.228 301.1424 302.3616 303.276 304.1904 305.1048 306.0192 306.9336 307.848 308.7624 309.6768 310.5912 311.5056 312.42 313.3344 314.2488 314.8584 315.1632 315.7728 316.0776 316.3824 316.992 317.2968 317.2968 317.6016 318.2112 318.8208 319.4304 319.4304 319.7352 319.7352 319.7352 319.7352 319.4304 319.1256 318.516 317.9064 316.992 316.0776 315.1632 313.944 313.0296 311.8104 311.2008 310.2864 309.6768 309.0672 308.7624 308.3052 308.1528 309.848 309.5432 308.9336 306.4952
290.7792 290.7792 291.6936 292.9128 293.8272 294.7416 295.3512 296.2656 297.18 298.3992 299.3136 300.228 301.1424 302.0568 302.9712 303.8856 304.8 305.4096 306.324 307.2384 308.4576 309.6768 310.5912 311.8104 312.7248 313.6392 314.2488 314.5536 314.8584 315.468 315.7728 316.0776 316.6872 316.992 317.2968 317.9064 318.516 319.1256 319.4304 319.4304 319.4304 319.4304 319.4304 319.4304 318.8208 318.2112 317.6016 316.6872 315.7728 314.8584 313.6392 312.7248 311.5056 310.896 309.9816 309.372 309.0672 308.4576 308.3052 308.1528 309.848 309.848 309.5432 308.9336
290.1696 290.4744 291.3888 292.3032 293.2176 294.132 295.0464 295.656 296.5704 297.4848 298.3992 299.3136 300.228 300.8376 301.752 302.6664 303.276 304.1904 304.8 305.7144 307.2384 308.4576 309.6768 310.896 312.1152 313.0296 313.3344 313.6392 313.944 314.5536 314.8584 315.468 315.7728 316.3824 316.992 317.6016 318.2112 318.8208 319.1256 319.1256 319.4304 319.1256 319.1256 319.1256 318.516 317.9064 317.2968 316.3824 315.468 314.5536 313.6392 312.42 311.5056 310.5912 309.9816 309.372 309.0672 308.7624 308.4576 308.1528 308.0004 309.848 309.848 309.5432
289.8648 289.8648 290.7792 291.6936 292.608 293.5224 294.132 295.0464 295.9608 296.8752 297.7896 298.3992 299.0088 299.6184 300.5328 301.4472 302.0568 302.9712 303.5808 304.4952 306.0192 307.5432 309.0672 310.2864 311.5056 312.42 312.7248 313.0296 313.3344 313.6392 314.2488 314.5536 315.1632 315.7728 316.3824 316.992 317.9064 318.516 318.8208 318.8208 319.1256 319.1256 318.8208 318.8208 318.2112 317.6016 316.992 316.0776 315.1632 314.2488 313.3344 312.1152 311.2008 310.5912 309.9816 309.372 309.0672 308.7624 308.4576 308.1528 308.1528 310.0004 310.1528 310.1528
288.6456 288.9504 289.8648 291.084 291.9984 292.9128 293.5224 294.132 295.0464 295.9608 296.8752 297.7896 298.0944 299.0088 299.6184 300.228 301.1424 302.0568 302.9712 303.8856 305.4096 306.9336 308.4576 309.6768 310.5912 311.5056 311.8104 312.1152 312.42 313.0296 313.3344 313.944 314.5536 315.1632 315.7728 316.6872 317.2968 318.2112 318.516 318.516 318.8208 318.8208 318.516 318.516 317.9064 317.2968 316.3824 315.7728 314.8584 313.944 313.0296 312.1152 311.2008 310.5912 310.2864 309.6768 309.372 309.0672 308.7624 308.4576 308.4576 308.1528 308.4576 308.4576
287.4264 287.7312 288.6456 289.8648 291.084 291.9984 292.608 293.2176 294.132 295.3512 296.2656 296.8752 297.4848 298.0944 298.704 299.6184 300.228 301.1424 302.3616 303.276 304.8 306.6288 308.1528 309.0672 309.9816 310.5912 310.896 311.2008 311.8104 312.1152 312.7248 313.3344 313.944 314.5536 315.1632 316.0776 316.6872 317.6016 317.9064 318.2112 318.516 318.516 318.2112 318.2112 317.6016 316.6872 316.0776 315.1632 314.5536 313.6392 312.7248 312.1152 311.2008 310.896 310.2864 309.9816 309.6768 309.372 309.0672 308.7624 308.7624 308.7624 308.7624 308.7624
286.2072 286.512 287.4264 288.9504 290.1696 290.7792 291.3888 291.9984 293.2176 294.4368 295.3512 296.2656 296.5704 297.18 297.7896 298.704 299.3136 300.5328 301.4472 302.6664 304.1904 306.0192 307.5432 308.4576 309.0672 309.6768 310.2864 310.5912 310.896 311.5056 312.1152 312.7248 313.3344 313.944 314.5536 315.468 316.0776 316.992 317.2968 317.9064 318.2112 318.2112 317.9064 317.9064 317.2968 316.3824 315.7728 315.1632 314.2488 313.3344 312.7248 312.1152 311.2008 310.896 310.5912 310.2864 309.9816 309.6768 309.372 309.372 309.0672 309.0672 309.0672 309.372
284.988 285.2928 286.2072 287.7312 288.9504 289.56 290.1696 290.7792 291.9984 293.2176 294.4368 295.3512 295.9608 296.5704 297.18 297.7896 298.704 299.3136 300.5328 301.4472 303.276 305.1048 306.6288 307.5432 308.4576 309.0672 309.6768 309.9816 310.5912 311.2008 311.8104 312.42 313.0296 313.6392 314.2488 314.8584 315.7728 316.3824 316.992 317.2968 317.6016 317.6016 317.6016 317.2968 316.6872 316.0776 315.468 314.8584 314.2488 313.6392 313.0296 312.1152 311.5056 311.2008 310.896 310.5912 310.2864 309.9816 309.6768 309.6768 309.372 309.372 309.6768 309.6768
283.464 283.7688 284.988 286.2072 287.4264 288.3408 288.9504 289.8648 290.7792 292.3032 293.5224 294.4368 295.0464 295.656 296.2656 297.18 297.7896 298.3992 299.3136 300.228 302.0568 303.8856 305.7144 306.6288 307.5432 308.4576 309.0672 309.6768 310.2864 310.896 311.5056 312.1152 312.7248 313.3344 313.6392 314.5536 315.1632 316.0776 316.3824 316.6872 316.992 316.992 316.992 316.6872 316.3824 315.7728 315.468 314.8584 314.2488 313.6392 313.0296 312.7248 312.1152 311.5056 311.2008 310.896 310.5912 310.2864 309.9816 309.9816 309.6768 309.6768 309.9816 309.9816
282.2448 282.5496 283.7688 284.988 286.2072 287.1216 287.7312 288.6456 289.8648 291.3888 292.608 293.5224 294.132 295.0464 295.656 296.2656 296.8752 297.4848 298.3992 299.3136 300.8376 302.9712 304.4952 305.7144 306.9336 307.848 308.4576 309.372 309.9816 310.5912 311.2008 311.8104 312.42 312.7248 313.3344 313.944 314.8584 315.468 315.7728 316.0776 316.3824 316.3824 316.3824 316.3824 316.0776 315.468 315.1632 314.8584 314.2488 313.944 313.3344 312.7248 312.42 311.8104 311.5056 311.2008 310.896 310.5912 310.2864 309.9816 309.9816 309.9816 310.2864 310.2864
281.3304 281.6352 282.5496 284.0736 285.2928 286.2072 287.1216 288.036 289.2552 290.4744 291.6936 292.608 293.5224 294.4368 295.0464 295.656 296.5704 297.18 298.0944 299.0088 300.5328 302.0568 303.5808 305.1048 306.324 307.5432 308.1528 309.0672 309.6768 310.2864 310.896 311.5056 311.8104 312.42 312.7248 313.3344 314.2488 314.8584 315.1632 315.468 315.7728 316.0776 315.7728 315.7728 315.468 315.1632 314.8584 314.5536 314.2488 313.6392 313.3344 312.7248 312.42 311.8104 311.5056 311.2008 310.896 310.5912 310.2864 310.2864 310.2864 310.134 310.2864 310.5912
280.416 280.416 281.6352 283.1592 284.6832 285.9024 286.8168 287.7312 288.9504 290.1696 291.084 291.9984 292.9128 293.8272 294.4368 295.3512 295.9608 296.8752 298.0944 299.0088 300.228 301.4472 302.6664 304.1904 305.7144 307.2384 308.1528 308.7624 309.372 309.9816 310.5912 310.896 311.5056 311.8104 312.1152 312.7248 313.6392 314.2488 314.5536 315.1632 315.468 315.468 315.468 315.468 315.1632 314.8584 314.8584 314.2488 313.944 313.6392 313.0296 312.7248 312.1152 311.8104 311.5056 311.2008 310.896 310.5912 310.4388 310.3474 310.2864 310.2864 310.2864 310.5912
279.5016 279.8064 281.0256 282.5496 284.0736 285.2928 286.2072 287.4264 288.3408 289.56 290.4744 291.3888 292.3032 293.2176 294.132 295.0464 295.656 296.8752 297.7896 299.0088 299.9232 300.8376 302.0568 303.5808 305.1048 306.6288 307.5432 308.4576 309.0672 309.6768 309.9816 310.5912 310.896 311.2008 311.5056 312.1152 313.0296 313.6392 314.2488 314.5536 315.1632 315.1632 314.8584 314.8584 314.8584 314.5536 314.5536 314.2488 313.6392 313.3344 313.0296 312.42 312.1152 311.8104 311.2008 310.896 310.5912 310.2864 310.2864 310.2864 310.2864 310.2864 310.2864 310.5912
279.1968 279.1968 280.416 281.94 283.464 284.6832 285.9024 287.1216 288.036 288.9504 290.1696 291.084 291.9984 292.9128 293.8272 294.7416 295.656 296.5704 297.7896 298.704 299.6184 300.5328 301.752 302.6664 303.8856 305.1048 306.324 307.5432 308.4576 309.0672 309.372 309.9816 310.2864 310.5912 310.896 311.5056 312.42 313.0296 313.6392 313.944 314.2488 314.5536 314.5536 314.5536 314.5536 314.5536 314.2488 314.2488 313.6392 313.3344 313.0296 312.42 311.8104 311.5056 310.896 310.5912 310.2864 309.9816 309.9816 309.9816 309.9816 309.9816 310.2864 310.5912
