out/production/GISProjectupd/data/output.txt
ncols 65
nrows 79
xllcorner 774825.0
yllcorner 2537675.0
cellsize 250.0
NODATA_VALUE -9999.0
[rows 48 to 71 of 79, columns 0 to 53 of 65]
0.0 0.0 0.0 7.899039999999999 7.72814 7.256460000000001 8.25452 9.375630000000001 9.068010000000005 8.363900000000001 8.24427 9.625149999999998 8.295539999999999 9.24916 9.256 8.329719999999998 8.821910000000003 7.820429999999998 7.358990000000002 7.502559999999999 7.690539999999999 7.04796 7.957149999999999 7.564080000000001 8.087040000000002 8.35706 9.457659999999997 9.50552 8.16565 8.16565 8.329709999999999 8.736460000000001 8.55188 7.659780000000001 9.454239999999999 8.128050000000002 5.50985 8.353639999999999 7.700800000000001 8.380980000000001 9.35512 9.129539999999999 8.880020000000002 9.303849999999997 8.4972 6.743760000000002 8.210079999999998 7.844359999999998 7.796499999999998 8.261360000000003 8.247679999999995 8.110960000000002 8.975720000000003 9.49868
0.0 0.0 7.560660000000002 7.085560000000001 7.991329999999998 7.588000000000001 8.58607 8.490359999999999 8.845830000000003 8.767219999999998 9.050910000000002 9.505510000000001 8.10755 8.61683 8.022090000000002 8.579229999999999 8.951799999999999 8.657850000000003 7.06504 7.447870000000002 6.87706 7.215440000000001 7.635849999999998 8.305790000000002 7.90588 8.07337 9.098770000000002 8.34339 7.946899999999999 9.72768 8.234010000000001 8.312629999999999 7.86486 8.394660000000002 8.59974 7.707630000000002 8.68861 8.032339999999998 8.11438 7.748650000000001 8.039179999999998 9.235489999999999 8.452760000000001 8.346800000000002 8.548469999999998 7.24962 7.594840000000001 7.946899999999999 7.9298 8.093870000000003 7.91272 8.234010000000001 9.047500000000003 8.33313
0.0 0.0 8.44934 5.97128 7.461540000000003 7.943480000000001 8.77064 8.19641 8.333129999999997 9.050920000000001 9.765279999999997 9.044079999999997 8.04944 9.068010000000001 8.408330000000003 8.726210000000002 7.88879 11.37517 8.7057 7.885379999999998 7.256460000000001 7.123149999999999 7.738400000000002 7.97082 8.25452 9.53969 8.81166 8.784320000000001 8.26136 9.573879999999999 7.690549999999998 8.466430000000003 9.030410000000003 8.435670000000002 8.022090000000002 9.307269999999999 9.423480000000001 7.058219999999999 8.11438 6.702729999999999 5.926850000000002 6.993269999999999 8.709109999999999 8.797980000000003 7.567489999999999 7.150489999999998 7.704219999999999 7.806760000000001 7.871700000000001 7.546990000000001 7.772580000000001 8.428840000000001 8.85951 8.138309999999997
0.0 0.0 9.139789999999998 7.62218 9.129539999999999 8.17932 7.79992 8.316040000000001 8.849250000000001 8.541630000000001 8.75355 8.469859999999997 8.463009999999997 8.579229999999995 8.753540000000001 7.919560000000001 8.95522 10.281400000000001 8.647589999999997 8.497200000000003 7.471790000000002 6.948829999999997 7.358990000000002 7.769159999999999 8.647590000000001 8.48011 8.756970000000003 7.9298 7.902460000000001 7.304309999999997 10.937660000000005 8.24427 7.006940000000004 8.64075 9.597800000000003 8.210080000000001 9.38588 7.584590000000002 6.36093 6.36093 6.76426 7.376089999999998 7.075300000000002 7.123149999999999 7.410270000000001 7.615349999999999 7.717880000000001 7.813590000000001 7.762319999999999 7.854620000000001 7.881959999999999 6.726669999999999 6.914649999999998 6.630960000000002
0.0 9.37905 8.281860000000002 8.48695 7.294059999999998 8.719370000000001 8.363899999999997 8.538210000000003 9.30385 9.026990000000001 8.98939 8.275030000000001 7.75891 8.199829999999999 8.175899999999999 8.13831 7.700800000000001 7.649529999999999 8.517710000000001 7.205190000000002 7.536740000000002 7.652940000000001 7.588010000000001 7.871700000000001 8.2135 7.75891 8.541629999999998 7.991330000000001 7.704219999999999 8.586070000000003 9.956689999999998 8.087029999999999 8.582650000000001 8.363900000000001 8.955209999999997 8.774060000000002 8.63391 7.731559999999998 7.741809999999997 7.741810000000001 7.639279999999999 6.839459999999999 7.372669999999999 7.170999999999999 6.846299999999999 7.430780000000002 7.673459999999999 7.895620000000001 7.885370000000002 7.748650000000001 7.635860000000001 6.374609999999997 6.2618100000000005 6.398540000000001
0.0 7.324809999999999 7.933219999999999 10.548009999999998 8.862919999999999 9.590959999999999 9.90542 8.654420000000002 8.668100000000003 9.283340000000003 8.295539999999999 8.169060000000002 7.776000000000003 7.208600000000001 8.849250000000001 8.186159999999997 9.703759999999999 9.129529999999999 8.223749999999999 6.996679999999998 8.28528 8.069950000000002 8.336550000000003 7.447869999999998 8.68861 9.40297 7.844350000000002 8.75355 9.471340000000001 10.260900000000003 10.04898 9.187639999999998 8.84242 8.056270000000001 8.572389999999999 7.119730000000001 8.3092 7.20177 7.37266 7.106059999999999 6.880479999999999 6.771100000000001 7.24962 5.998619999999999 6.121669999999998 5.967860000000002 7.212019999999999 7.73498 7.601680000000002 7.441020000000002 6.969339999999999 5.59188 5.814049999999998 6.4156200000000005
8.151980000000002 0.0 8.459590000000002 9.153459999999999 9.905429999999999 8.99623 9.286749999999998 8.90052 10.732590000000002 8.644180000000002 9.40297 8.52796 7.505970000000001 8.028930000000003 8.14172 8.175899999999999 7.919549999999997 7.546990000000001 7.4786300000000026 7.86487 8.063110000000002 7.847770000000001 7.632439999999999 7.294049999999999 7.922969999999999 8.534790000000001 8.637340000000002 6.2618100000000005 8.862919999999999 8.500610000000002 8.186160000000001 6.466889999999999 8.428839999999997 7.570920000000001 10.59928 6.58652 7.376089999999998 7.352160000000001 6.897560000000002 6.056729999999998 5.79354 7.109479999999998 5.783290000000001 6.5044900000000005 7.584590000000002 7.222280000000001 7.434200000000001 7.529899999999998 6.76427 6.630960000000002 6.094329999999999 5.462 5.68075 6.10116
0.0 0.0 0.0 8.79457 7.666619999999998 8.09045 8.992809999999999 8.223759999999999 7.611930000000001 8.056279999999997 7.793089999999999 9.194469999999999 7.728149999999999 7.916140000000002 7.885370000000002 7.813599999999997 7.629020000000001 7.00694 6.996689999999997 8.30921 8.059690000000003 7.50939 9.050909999999998 7.700800000000001 7.830680000000001 7.868279999999999 7.259869999999999 7.970829999999999 9.860990000000001 8.613410000000002 9.16713 6.53867 8.07337 10.86588 8.452759999999998 8.531380000000002 6.620699999999999 6.883890000000001 6.801860000000001 6.0123 6.292579999999997 5.786709999999999 5.516689999999997 5.718339999999998 6.025970000000001 5.872160000000001 7.488889999999998 7.519639999999999 7.417110000000001 6.5967800000000025 6.210540000000002 6.644629999999999 7.331659999999999 6.241309999999999
0.0 0.0 0.0 0.0 0.0 0.0 0.0 7.564080000000001 8.411750000000001 9.283339999999999 8.141730000000003 7.294050000000002 7.123149999999999 7.475210000000001 8.733039999999999 7.57433 7.902460000000001 5.9302600000000005 8.756969999999999 8.60315 7.78284 7.618770000000001 6.928329999999999 8.483519999999999 8.005009999999999 7.454699999999999 7.461539999999999 7.724730000000001 8.26135 8.61683 7.417099999999998 6.111409999999999 8.145139999999998 8.671520000000001 8.394660000000002 9.71059 7.909299999999998 6.282319999999999 6.91123 6.43271 6.19004 5.759360000000001 6.046469999999999 5.70467 5.205639999999999 6.747170000000001 7.434190000000001 7.523060000000001 7.550409999999999 7.6051 7.42052 6.897559999999999 5.465419999999998 6.179780000000001
0.0 0.0 0.0 0.0 0.0 0.0 0.0 0.0 7.830690000000001 9.003060000000001 7.871700000000001 6.900979999999997 7.065049999999999 6.535249999999998 8.582650000000001 9.122689999999999 8.579230000000003 8.394659999999998 8.114369999999997 7.909289999999999 6.7232400000000005 6.757429999999999 6.774519999999999 7.505969999999998 7.75206 6.736909999999998 7.875119999999999 6.832619999999999 7.649529999999999 7.550409999999999 7.817019999999999 6.131920000000001 6.494240000000001 7.611929999999997 8.339970000000001 9.649070000000002 7.940059999999999 6.566020000000002 6.795020000000001 6.955670000000001 6.5694300000000005 5.981529999999999 6.025970000000001 5.88241 6.801860000000001 7.041119999999999 6.405370000000001 6.63438 6.87022 7.608519999999999 7.529899999999998 7.280380000000001 6.771100000000001 7.652950000000001
0.0 0.0 0.0 0.0 0.0 0.0 0.0 0.0 0.0 8.3263 7.827259999999999 7.376090000000001 6.542089999999998 8.47327 9.15004 9.109019999999997 8.55188 9.987450000000003 9.23207 9.023579999999999 8.579229999999999 9.83022 6.839459999999999 6.678809999999999 8.247689999999999 7.998170000000002 8.186160000000001 6.19003 8.20325 6.0669900000000005 7.868289999999998 7.79993 7.765740000000001 7.789669999999997 9.156869999999998 10.30191 8.500620000000001 8.425419999999999 8.418580000000002 6.128509999999999 5.2466599999999985 7.215440000000001 6.600200000000001 6.104579999999999 7.099230000000002 6.401949999999999 6.42587 7.639279999999999 6.43271 7.58117 7.659779999999998 7.53331 7.365839999999999 7.126569999999997
0.0 0.0 0.0 0.0 0.0 0.0 0.0 0.0 0.0 0.0 0.0 7.276969999999999 7.779410000000002 8.37414 8.832170000000001 8.72279 8.61683 8.726210000000002 9.050919999999998 8.92445 8.428829999999998 7.61534 7.434199999999997 7.17784 7.22569 8.216919999999998 7.676879999999997 7.24278 9.18422 9.09535 6.183199999999999 6.425879999999999 7.714469999999999 8.903939999999999 9.775530000000003 17.753190000000004 8.493780000000001 8.162230000000001 7.020610000000001 5.81063 6.210539999999998 6.2857400000000005 5.783290000000001 6.487410000000001 6.2789 5.61581 6.641210000000001 6.008880000000001 6.145599999999998 6.080659999999998 7.683710000000001 7.683710000000001 6.918069999999997 5.790129999999998
0.0 0.0 0.0 0.0 0.0 0.0 0.0 0.0 0.0 0.0 0.0 0.0 0.0 8.760390000000001 7.53331 7.97766 7.482050000000001 7.359000000000002 7.902460000000001 6.887309999999999 7.020609999999998 7.382930000000002 7.782829999999997 6.839459999999999 7.46838 8.61 7.943480000000001 7.106059999999999 7.458109999999998 9.307269999999999 8.18957 8.401499999999999 8.541630000000001 8.128049999999998 10.267729999999997 10.835130000000003 8.1554 8.18958 7.010359999999999 6.111419999999999 6.477139999999999 6.897559999999999 7.625600000000002 6.364359999999998 6.511330000000001 6.405370000000001 6.607029999999998 9.016739999999999 6.121680000000001 7.287220000000001 7.67004 7.540150000000001 7.46153 6.511330000000001
0.0 0.0 0.0 0.0 0.0 0.0 0.0 0.0 0.0 0.0 0.0 0.0 0.0 0.0 8.138300000000001 7.717890000000001 6.552350000000001 7.317979999999999 7.762329999999999 7.5435700000000026 7.044539999999998 8.44593 7.550409999999999 7.017199999999999 7.895630000000001 7.546979999999998 8.18957 7.451280000000001 7.594840000000001 9.11244 7.523060000000001 7.967399999999998 8.743299999999998 9.498680000000004 9.19106 9.70034 9.29018 7.960569999999997 8.767219999999998 6.607029999999998 6.25498 6.1592800000000025 7.324809999999999 6.29599 6.183199999999999 6.3506800000000005 5.6944300000000005 6.490819999999999 6.66855 8.336549999999999 7.635860000000001 7.64611 7.406849999999999 7.058209999999999
0.0 0.0 0.0 0.0 0.0 0.0 0.0 0.0 0.0 0.0 0.0 0.0 0.0 8.41517 8.849249999999998 7.707639999999998 7.27355 7.321400000000001 7.793090000000003 7.75891 7.44445 7.099230000000002 7.782830000000001 7.133399999999998 6.866800000000001 7.57433 7.88879 7.755490000000002 7.335070000000002 9.751609999999996 8.339970000000001 8.886850000000003 8.709110000000003 11.46745 9.546529999999997 9.19106 9.098769999999998 8.360470000000003 6.62754 7.475210000000001 6.080660000000002 6.572849999999999 6.685649999999999 6.244720000000001 6.494230000000002 6.31992 7.0001 5.964449999999999 6.357510000000001 6.316500000000001 6.993269999999999 6.863389999999999 7.300889999999999 6.107999999999997
0.0 0.0 0.0 0.0 0.0 0.0 0.0 0.0 0.0 0.0 0.0 0.0 0.0 9.255989999999997 8.63392 7.666619999999998 7.29064 7.625599999999999 7.786249999999999 7.601680000000002 7.741820000000001 7.680289999999999 6.866800000000001 6.989850000000001 6.712990000000001 8.26819 8.719370000000001 7.943480000000001 7.276959999999999 7.068469999999998 8.319460000000003 8.640759999999997 8.005000000000003 8.736460000000001 8.709109999999999 9.570450000000005 6.169529999999998 9.115870000000005 8.121210000000001 6.849710000000002 6.306250000000002 7.061629999999997 5.87557 6.12509 6.5626 6.2208000000000006 6.760839999999998 5.9371100000000006 6.080659999999998 6.470309999999998 6.43272 6.1455899999999986 7.232530000000001 5.94735
0.0 0.0 0.0 0.0 0.0 0.0 0.0 0.0 0.0 0.0 0.0 0.0 8.74671 8.83559 7.341909999999999 6.518160000000002 6.449809999999999 7.212019999999999 6.74033 6.996690000000001 5.6192199999999985 7.471789999999999 7.400009999999998 7.1129 6.839459999999999 6.791609999999999 6.43271 6.5933600000000006 6.613870000000002 6.6583000000000006 9.310680000000001 8.921029999999998 8.671519999999997 8.022099999999998 8.117799999999999 8.958630000000003 7.967400000000001 8.55188 7.099230000000002 5.7764500000000005 5.72176 5.855069999999998 5.4893399999999986 5.499600000000001 6.155850000000001 5.328700000000001 6.05331 8.01868 6.422460000000001 5.902920000000002 5.6465700000000005 5.984949999999998 6.955669999999998 0.0
0.0 0.0 0.0 0.0 0.0 0.0 0.0 0.0 0.0 0.0 0.0 0.0 8.329709999999999 8.531379999999999 7.106059999999999 5.8995 7.58117 8.07678 7.321400000000001 7.232530000000001 5.684170000000002 6.299409999999998 6.945419999999999 5.984960000000001 6.40879 5.796960000000002 5.721769999999999 6.159270000000003 6.607030000000002 3.469290000000001 7.68713 7.054790000000001 8.223759999999999 9.17738 9.047500000000003 8.182739999999999 9.105599999999999 8.74672 5.978110000000001 7.058209999999999 8.411750000000001 7.044540000000001 5.9097500000000025 6.30283 6.1319300000000005 5.63973 6.81212 6.265239999999999 5.50985 5.684170000000002 5.8414 6.159269999999999 0.0 0.0
0.0 0.0 0.0 0.0 0.0 0.0 0.0 0.0 0.0 0.0 0.0 0.0 8.880009999999999 6.842869999999998 6.969339999999999 10.69499 7.31456 8.35022 7.475210000000001 7.519639999999999 8.104130000000001 7.642699999999998 6.767679999999999 5.708100000000002 7.1880900000000025 7.065049999999999 7.164169999999999 6.548929999999999 6.23105 7.270129999999998 8.13146 7.789669999999997 6.976179999999999 7.307729999999999 7.331659999999999 7.6085100000000025 8.753540000000001 8.62708 8.832170000000001 8.48694 6.494229999999998 7.174419999999998 5.981539999999999 6.118259999999999 6.07724 0.0 0.0 0.0 0.0 0.0 0.0 0.0 0.0 0.0
0.0 0.0 0.0 0.0 0.0 0.0 0.0 0.0 0.0 0.0 0.0 0.0 8.357059999999997 7.858029999999999 6.289149999999999 8.3263 6.49765 7.321400000000001 6.436130000000002 6.330169999999999 6.897560000000002 6.63438 6.706160000000001 6.4805600000000005 5.92343 7.020620000000001 6.630949999999999 6.589950000000002 8.151980000000002 6.65147 7.64611 7.864859999999997 6.938579999999998 7.406849999999999 7.78284 7.693960000000001 8.271609999999999 8.43226 8.685189999999999 7.3795 8.45618 6.750589999999999 5.673909999999999 5.574789999999997 6.234469999999998 0.0 0.0 0.0 0.0 0.0 0.0 0.0 0.0 0.0
0.0 0.0 0.0 0.0 0.0 0.0 0.0 0.0 0.0 0.0 0.0 7.434190000000001 8.3092 7.868290000000002 8.27845 6.104579999999999 6.07724 7.560660000000002 7.26671 6.248139999999999 6.203709999999997 4.812570000000001 6.289149999999999 5.7730299999999986 6.015709999999999 7.35558 5.762779999999999 7.16075 7.40343 8.04944 6.836040000000001 8.565559999999998 8.234009999999998 8.30237 6.856549999999999 6.80528 7.929810000000003 7.010359999999999 9.221810000000001 6.952250000000003 8.524539999999998 8.309210000000004 7.304310000000001 6.463480000000001 0.0 0.0 0.0 0.0 0.0 0.0 0.0 0.0 0.0 0.0
0.0 0.0 0.0 0.0 0.0 0.0 0.0 0.0 0.0 0.0 0.0 8.48011 0.0 0.0 0.0 7.51623 0.0 0.0 0.0 0.0 6.466889999999999 3.999080000000003 6.712990000000001 6.217379999999999 6.45664 5.961030000000001 6.425879999999999 7.119730000000001 6.836040000000001 7.871699999999997 8.316040000000001 7.724730000000001 6.897570000000002 8.03577 8.63392 7.895620000000001 8.035770000000003 6.490819999999999 6.702740000000002 7.03087 8.592900000000004 9.881499999999999 8.589490000000001 0.0 0.0 0.0 0.0 0.0 0.0 0.0 0.0 0.0 0.0 0.0
0.0 0.0 0.0 0.0 0.0 0.0 0.0 0.0 0.0 0.0 0.0 0.0 0.0 0.0 0.0 0.0 0.0 0.0 0.0 0.0 9.283339999999999 8.193000000000001 7.765740000000001 7.311139999999998 6.904399999999999 6.856539999999999 6.224219999999999 7.362419999999997 6.47373 6.706149999999997 7.779419999999998 14.615450000000003 9.963519999999999 9.06118 8.028929999999999 8.3263 8.68861 8.206670000000003 6.71641 8.510860000000005 8.411750000000001 8.774059999999999 0.0 0.0 0.0 0.0 0.0 0.0 0.0 0.0 0.0 0.0 0.0 0.0
0.0 0.0 0.0 0.0 0.0 0.0 0.0 0.0 0.0 0.0 0.0 0.0 0.0 0.0 0.0 0.0 0.0 0.0 0.0 0.0 0.0 8.797979999999999 8.435669999999998 7.164169999999999 8.35706 6.357520000000001 7.46837 6.29599 6.928329999999999 7.458120000000001 7.649530000000002 9.755030000000001 9.39272 9.088510000000003 7.174430000000001 6.74033 8.17248 7.70421 7.335070000000002 7.451280000000001 8.435670000000002 7.755479999999999 0.0 0.0 0.0 0.0 0.0 0.0 0.0 0.0 0.0 0.0 0.0 0.0
