out/production/GISProjectupd/data/output.txt
ncols 65
nrows 79
xllcorner 774825.0
yllcorner 2537675.0
cellsize 250.0
NODATA_VALUE -9999.0
[rows 24 to 47 of 79, columns 0 to 53 of 65]
0.0 0.0 0.0 0.0 0.0 0.0 0.0 0.0 0.0 0.0 0.0 0.0 0.0 0.0 0.0 0.0 0.0 0.0 0.0 0.0 0.0 0.0 8.435670000000002 7.447869999999998 8.77064 8.934709999999999 8.175899999999999 9.218399999999999 9.057750000000002 0.0 0.0 0.0 0.0 8.671520000000001 9.802879999999998 8.483520000000002 9.778950000000002 8.26819 8.709109999999999 8.56214 8.69886 7.943470000000001 8.30921 8.2716 7.68713 7.86486 7.793090000000003 8.186150000000001 8.22718 8.271609999999999 8.196410000000004 7.786249999999999 7.3008900000000025 8.483520000000002
0.0 0.0 0.0 0.0 0.0 0.0 0.0 0.0 0.0 0.0 0.0 0.0 0.0 0.0 0.0 0.0 0.0 0.0 0.0 0.0 0.0 7.683710000000001 8.493780000000001 8.845830000000003 8.733039999999999 8.469850000000001 9.15004 8.538220000000003 8.620249999999999 0.0 0.0 0.0 0.0 0.0 0.0 10.213040000000003 8.69886 7.553830000000001 8.428830000000001 7.700800000000001 7.50939 8.07678 8.141730000000003 7.345320000000001 8.298950000000001 7.092390000000002 7.38635 8.158809999999999 8.71595 7.324809999999999 7.372669999999999 7.352159999999998 5.632900000000003 8.100709999999996
0.0 0.0 0.0 0.0 0.0 0.0 0.0 0.0 0.0 0.0 0.0 0.0 0.0 0.0 0.0 0.0 0.0 0.0 0.0 0.0 0.0 8.288699999999999 8.1007 8.459599999999998 8.40832 8.541630000000001 8.555309999999999 8.141730000000003 8.914200000000001 0.0 0.0 0.0 0.0 0.0 0.0 0.0 9.050920000000001 8.28528 8.329719999999998 7.806750000000001 8.223759999999999 8.312620000000003 8.022089999999999 9.300430000000002 9.057749999999999 8.61683 7.7623200000000026 8.469850000000001 5.6226400000000005 7.57433 7.393170000000001 7.389759999999999 8.62708 8.247679999999999
0.0 0.0 0.0 0.0 0.0 0.0 0.0 0.0 0.0 0.0 0.0 0.0 0.0 0.0 0.0 0.0 0.0 0.0 0.0 0.0 8.04944 8.903939999999999 8.85951 8.555300000000003 8.507459999999998 8.247679999999999 8.52113 8.36732 8.726210000000002 8.384400000000003 0.0 0.0 0.0 0.0 0.0 11.07781 9.796049999999997 8.387830000000001 9.091930000000001 8.01868 8.158810000000003 8.004999999999999 8.370729999999998 10.206209999999999 8.22034 7.82385 9.109020000000001 7.50939 7.44445 7.615349999999999 7.94689 7.239369999999997 7.458119999999997 8.066530000000004
0.0 0.0 0.0 0.0 0.0 0.0 0.0 0.0 0.0 0.0 0.0 0.0 0.0 0.0 0.0 0.0 0.0 0.0 0.0 7.536740000000002 8.630500000000001 8.4972 8.756960000000003 8.507450000000002 8.832159999999998 9.221820000000001 8.67493 8.72278 8.33313 8.81849 8.210090000000001 0.0 8.627089999999999 8.873179999999998 9.064590000000003 8.18958 8.018680000000003 8.524539999999998 9.796049999999997 8.110959999999999 8.637340000000002 8.797979999999999 8.305789999999998 8.67494 7.656359999999996 8.25452 8.298949999999998 7.97082 7.5845800000000025 7.372670000000003 8.059690000000003 7.789670000000001 7.20177 7.943480000000001
0.0 0.0 0.0 0.0 0.0 0.0 0.0 0.0 0.0 0.0 0.0 0.0 0.0 0.0 0.0 0.0 0.0 0.0 7.639279999999999 7.755480000000002 8.647589999999997 8.035770000000003 9.02016 8.264770000000002 8.777479999999997 8.84583 8.890270000000001 8.336549999999999 8.47327 8.60315 8.52112 8.2716 9.16713 8.832170000000001 9.12611 8.394650000000002 8.14856 8.71595 8.96547 7.502549999999999 8.008420000000001 8.54505 8.158810000000003 8.384410000000003 7.441030000000001 8.955210000000001 8.100710000000003 8.049430000000001 0.0 0.0 8.032339999999998 7.861450000000001 0.0 0.0
0.0 0.0 0.0 0.0 0.0 0.0 0.0 0.0 0.0 0.0 0.0 0.0 0.0 0.0 0.0 0.0 0.0 0.0 0.0 8.54505 8.41516 7.181260000000002 8.076780000000003 8.26136 8.88343 8.339969999999997 8.26819 8.312629999999999 8.69886 8.34339 8.35022 8.19641 8.312620000000003 8.23743 8.169070000000001 8.975719999999999 8.934710000000003 9.02357 8.493780000000001 7.772579999999998 9.156869999999998 8.23059 8.668099999999999 8.40833 7.519649999999999 8.568979999999996 8.459599999999998 8.03577 0.0 0.0 0.0 0.0 0.0 0.0
0.0 0.0 0.0 0.0 0.0 0.0 0.0 0.0 0.0 0.0 0.0 0.0 0.0 0.0 0.0 0.0 0.0 0.0 0.0 0.0 0.0 8.71254 8.613410000000002 8.692029999999999 8.52112 8.186160000000001 8.517700000000001 7.88195 8.692029999999999 8.428840000000001 8.510869999999997 8.363890000000001 9.252580000000002 8.425419999999999 8.52796 8.483530000000002 8.00158 8.54505 7.88879 8.695440000000001 8.44593 7.61534 8.975720000000003 7.687130000000003 7.69397 8.26136 7.813590000000001 8.57581 0.0 0.0 0.0 0.0 0.0 0.0
0.0 0.0 0.0 0.0 0.0 0.0 0.0 0.0 0.0 0.0 0.0 0.0 0.0 0.0 0.0 0.0 0.0 0.0 0.0 0.0 0.0 9.89517 8.79457 9.70034 8.527949999999997 7.72814 7.936640000000004 7.632429999999996 8.541629999999998 7.878540000000001 8.360480000000003 8.927870000000002 9.03724 8.384410000000003 8.292119999999997 8.401490000000003 8.288699999999999 7.64611 8.55188 8.015259999999998 7.943480000000001 8.01867 11.525560000000002 8.44593 8.028929999999999 8.784309999999998 10.127590000000001 8.500619999999998 0.0 0.0 0.0 0.0 0.0 0.0
0.0 0.0 0.0 0.0 0.0 0.0 0.0 0.0 0.0 0.0 0.0 0.0 0.0 0.0 0.0 0.0 0.0 0.0 0.0 8.121220000000001 7.700800000000001 8.760389999999997 8.459599999999998 8.45618 8.606579999999997 8.43226 7.950309999999998 7.748650000000001 8.709109999999999 8.093869999999999 8.921029999999998 8.175910000000002 6.8292 8.733040000000003 7.536729999999999 6.562600000000003 7.673449999999999 7.748659999999997 8.151979999999998 7.27355 8.18273 8.0426 8.64076 9.300429999999999 8.02552 8.767219999999998 8.66468 8.234010000000001 0.0 0.0 0.0 0.0 0.0 0.0
0.0 0.0 0.0 0.0 0.0 0.0 0.0 0.0 0.0 0.0 0.0 0.0 0.0 0.0 0.0 0.0 0.0 0.0 0.0 7.700790000000001 8.81849 8.11438 8.548470000000002 8.572389999999999 8.39807 8.182740000000003 7.984490000000001 8.46986 0.0 0.0 8.442509999999999 7.77599 7.157340000000001 8.476690000000001 5.920010000000001 5.0074000000000005 6.193460000000002 7.99475 8.141730000000003 8.216919999999998 7.967400000000001 7.516220000000001 7.717890000000001 9.068010000000001 7.950310000000002 8.979139999999997 9.587539999999997 8.483530000000002 8.41517 0.0 0.0 0.0 0.0 0.0
0.0 0.0 0.0 0.0 0.0 0.0 0.0 0.0 0.0 0.0 0.0 0.0 0.0 0.0 8.445920000000001 8.951789999999999 0.0 8.138300000000001 8.128050000000002 8.384400000000003 8.938120000000001 8.60999 8.06653 8.25451 8.52112 8.35022 8.849250000000001 8.637339999999998 0.0 18.65146 8.47327 6.743749999999999 7.611930000000001 7.546989999999997 6.8565400000000025 6.354099999999999 6.654879999999999 6.299410000000002 7.427350000000001 7.987910000000003 7.417100000000001 7.335070000000002 7.987909999999999 8.903939999999999 8.37415 7.981069999999999 8.98939 7.649529999999999 8.316040000000001 0.0 0.0 0.0 0.0 0.0
0.0 0.0 0.0 0.0 0.0 0.0 0.0 0.0 0.0 0.0 0.0 0.0 0.0 0.0 0.0 9.36879 7.683709999999998 8.117800000000003 7.813590000000001 8.271609999999999 9.52261 9.245750000000001 8.05969 8.985970000000002 9.07142 7.789670000000001 8.95863 8.35706 10.10709 0.0 9.331200000000003 8.251100000000001 5.24324 6.808689999999999 6.784769999999998 6.648049999999998 6.463480000000001 6.719829999999998 6.186609999999998 5.97128 7.410270000000001 6.8121100000000006 7.748650000000001 8.363900000000001 8.1554 7.73498 7.714469999999999 7.646109999999997 8.199830000000002 0.0 0.0 0.0 0.0 0.0
0.0 0.0 0.0 0.0 0.0 0.0 0.0 0.0 0.0 0.0 0.0 0.0 0.0 0.0 0.0 8.30237 7.4786300000000026 7.29748 8.128059999999998 8.733040000000003 9.020159999999997 8.428840000000001 8.637330000000002 8.336550000000003 8.825330000000001 8.555309999999999 9.772119999999997 8.958630000000003 9.932769999999998 8.203239999999997 9.22523 9.033820000000002 8.121220000000001 7.861440000000002 6.603619999999999 6.924910000000001 5.9541900000000005 6.6754 6.169529999999998 6.972760000000001 6.453230000000001 7.218859999999999 7.140240000000002 6.542090000000002 7.902460000000001 8.169070000000001 8.046019999999999 7.588000000000001 7.123159999999999 7.543569999999999 0.0 0.0 0.0 0.0
0.0 0.0 0.0 0.0 0.0 0.0 0.0 0.0 0.0 0.0 0.0 0.0 0.0 0.0 0.0 8.08361 6.5967800000000025 7.259879999999999 8.452759999999998 8.46301 8.452759999999998 8.944950000000002 8.767219999999998 8.64075 8.65101 8.145139999999998 8.1554 9.543109999999999 8.534790000000001 9.365380000000002 9.700339999999997 8.589479999999998 7.721299999999999 8.46302 7.102650000000001 7.088980000000003 6.398530000000001 7.311140000000002 7.317979999999999 7.037699999999997 7.345320000000001 7.0001 7.345320000000001 6.2652300000000025 5.045000000000002 6.750579999999999 7.967410000000001 6.7266600000000025 7.256460000000001 6.890730000000001 7.082139999999999 7.212019999999999 0.0 0.0
0.0 0.0 0.0 0.0 0.0 0.0 0.0 0.0 0.0 0.0 0.0 0.0 0.0 8.719369999999998 8.288689999999999 6.795029999999997 7.844350000000002 8.234010000000001 8.182739999999999 9.21499 8.804820000000003 9.115859999999998 8.227179999999997 8.50403 7.847770000000001 7.779410000000002 8.169070000000001 9.32094 8.99623 9.256 8.288699999999999 7.437610000000003 7.97082 7.81701 7.386339999999997 6.942 6.736919999999998 7.324819999999999 7.471799999999998 6.63438 7.027449999999998 5.215889999999998 6.19003 7.1710100000000025 6.224219999999999 6.3506800000000005 7.482040000000001 7.03087 7.48546 7.194930000000003 7.177849999999999 6.668559999999999 7.15391 0.0
0.0 0.0 0.0 0.0 0.0 0.0 0.0 0.0 0.0 0.0 0.0 0.0 7.868280000000002 7.803339999999999 7.307729999999999 7.447869999999998 8.476690000000001 8.36731 8.257940000000001 9.792629999999999 9.197890000000001 9.228659999999998 8.63392 8.862919999999999 7.683709999999998 8.234010000000001 9.0475 8.951789999999999 8.319469999999999 8.797979999999999 7.588000000000001 8.336549999999999 8.95863 8.158809999999999 7.55725 8.43226 7.998159999999999 6.6754 7.854610000000001 6.743760000000002 6.258390000000002 5.37313 6.193460000000002 6.12509 4.569890000000001 7.659779999999998 5.39705 6.757429999999999 7.02403 6.641209999999997 7.232530000000001 7.170999999999999 7.413679999999999 0.0
0.0 0.0 0.0 0.0 0.0 0.0 0.0 0.0 0.0 0.0 0.0 0.0 8.9347 7.499130000000001 7.417100000000001 8.387819999999998 8.534790000000001 8.54505 8.67493 8.862929999999999 8.36732 8.743300000000001 8.121210000000001 7.741820000000001 7.42736 6.706150000000001 8.979130000000001 8.661269999999998 8.4972 7.153919999999999 7.697379999999999 7.981079999999999 8.64076 8.582650000000001 9.02016 8.442509999999999 8.606580000000001 7.933230000000002 7.229109999999999 6.596779999999999 6.1968700000000005 7.24278 5.103100000000001 6.090910000000001 7.328229999999998 7.263289999999998 7.253039999999999 7.18468 6.477149999999998 7.058209999999999 7.36242 6.65831 7.020610000000001 6.583110000000001
0.0 0.0 0.0 0.0 0.0 0.0 0.0 0.0 0.0 0.0 0.0 8.08361 7.81701 7.632439999999999 8.353639999999999 8.097290000000001 8.04261 8.2716 9.33803 7.88195 7.950319999999998 7.912710000000001 8.55873 10.561679999999999 7.324819999999999 8.815080000000002 7.82385 8.07678 8.295539999999999 7.372669999999999 7.868279999999999 7.90588 8.298949999999998 8.459599999999998 8.651 8.620249999999999 8.316039999999997 9.5397 7.755490000000002 7.041119999999999 6.795030000000001 8.26136 6.429299999999998 5.9952000000000005 6.401949999999999 6.555759999999999 7.55724 6.767679999999999 6.637799999999999 6.555769999999999 6.654879999999999 6.056730000000002 7.024039999999999 7.181260000000002
0.0 0.0 0.0 0.0 0.0 0.0 0.0 0.0 0.0 0.0 9.293599999999998 7.280380000000001 8.069950000000002 8.339970000000001 8.363890000000001 8.16565 8.43909 8.845839999999999 8.3844 8.411750000000001 8.39808 7.963989999999999 7.967399999999998 8.05969 8.30921 8.35022 7.779409999999999 8.23743 8.0426 8.039179999999998 7.97766 7.895630000000001 8.06653 7.837509999999998 7.748649999999998 7.714470000000002 8.090449999999997 8.750129999999999 7.858029999999999 7.652940000000001 5.99521 8.56898 6.791599999999999 6.658299999999997 6.524999999999999 6.224209999999999 6.470320000000001 6.808700000000002 7.991329999999998 8.14857 6.14902 6.357520000000001 7.020619999999997 6.4395500000000006
0.0 0.0 0.0 0.0 0.0 0.0 0.0 0.0 0.0 7.536740000000002 7.570920000000001 7.341899999999999 8.104119999999998 8.063109999999998 7.86486 9.122690000000002 9.99088 8.692029999999999 8.425419999999999 9.5978 9.057749999999999 10.807780000000001 8.979129999999998 7.659789999999997 7.205179999999999 8.60315 7.810169999999999 7.810169999999999 8.613409999999998 8.996229999999997 8.78773 8.572390000000002 7.779410000000002 7.779420000000002 8.756969999999999 7.854610000000001 8.09045 8.555299999999999 8.08361 7.35558 7.40343 8.50403 7.553830000000001 7.1129 6.487400000000001 5.8892500000000005 6.087499999999999 6.056729999999998 6.53867 7.1129 8.151980000000002 9.64565 6.952249999999999 5.75253
0.0 0.0 0.0 0.0 0.0 0.0 0.0 6.993269999999999 8.52796 7.20861 11.064130000000002 8.339960000000001 8.94837 8.411750000000001 9.454250000000002 8.54505 8.411750000000001 7.64611 8.968880000000002 8.2135 10.958169999999999 8.83558 9.12611 10.397620000000003 9.24917 8.295530000000003 8.463019999999997 8.58606 8.387819999999998 7.902470000000001 7.499139999999997 7.984500000000001 7.755489999999998 8.281869999999998 8.862930000000002 8.01867 8.7057 7.919550000000001 7.90588 8.039180000000002 9.033830000000002 7.700799999999997 8.48695 7.157330000000002 6.82921 6.600200000000001 6.145599999999998 6.470309999999998 6.637800000000002 6.463470000000001 7.46837 6.924910000000001 7.950309999999998 7.577750000000002
0.0 0.0 0.0 0.0 0.0 0.0 7.680289999999999 5.70467 8.825320000000001 9.420070000000003 10.02505 8.808240000000001 8.627089999999999 8.86635 8.84242 9.567039999999999 8.685180000000003 7.704219999999999 1.8149599999999992 8.709110000000003 10.219880000000003 7.232520000000001 6.706160000000001 9.94302 8.661259999999999 8.48011 8.719369999999998 8.110959999999999 8.69886 8.0426 8.004999999999999 7.974240000000002 7.584590000000002 8.360479999999999 7.991330000000001 8.29553 8.015249999999998 7.676870000000001 7.6051 8.456179999999996 8.862919999999999 9.06117 9.009899999999998 7.003529999999998 7.003520000000002 6.4839800000000025 6.412209999999998 6.955669999999998 8.886859999999999 7.482049999999997 8.72279 9.495260000000002 8.8766 7.943480000000001
0.0 0.0 0.0 0.0 7.1710100000000025 7.53331 7.68713 9.430309999999999 9.252580000000002 8.01868 9.276510000000002 8.726210000000002 8.51087 8.975719999999999 9.04749 8.996229999999997 8.733039999999999 7.875120000000003 8.158819999999999 8.22718 9.960110000000004 8.08362 8.008420000000001 8.910779999999999 8.514289999999999 8.951799999999999 8.94837 8.158809999999999 8.65101 9.02016 7.762329999999999 8.288689999999999 8.60999 8.5929 9.437149999999999 7.97766 8.07678 8.121209999999998 8.23059 7.789660000000001 9.331199999999999 9.13637 9.009900000000002 8.141729999999999 7.423940000000002 7.198350000000001 6.62754 6.730080000000001 8.60315 9.259409999999999 9.703759999999999 9.915679999999998 8.541630000000001 7.352159999999998
