out/production/GISProjectupd/data/output.txt
ncols 180
nrows 180
xllcorner 0.0
yllcorner 0.0
cellsize 20.0
NODATA_VALUE -9999.0
[rows 28 to 55 of 180, columns 64 to 127 of 180]
267.3096 266.0904 265.176 263.9568 263.0424 262.4328 261.5184 261.366 263.7564 263.7259 263.4211 263.604 263.7259 263.7564 269.1384 271.5768 274.9296 278.892 282.2448 285.2928 287.7312 290.7792 294.132 297.7896 301.4472 305.1048 308.4576 311.2008 311.2008 310.5912 310.2864 309.9816 309.6768 309.6768 309.372 308.7624 308.61 308.4576 308.1528 308.1528 307.848 307.5432 307.2384 306.6288 306.0192 305.4096 304.4952 303.5808 302.3616 301.4472 300.5328 299.9232 299.0088 298.3992 297.7896 297.4848 297.18 296.8752 296.8752 296.8752 296.8752 297.18 297.7896 298.0944
268.224 267.0048 265.4808 264.5664 263.3472 262.4328 261.5184 261.366 261.2136 263.7564 263.3906 263.5735 263.6954 263.7564 268.5288 270.6624 273.7104 277.0632 280.416 283.1592 285.9024 288.6456 291.6936 294.7416 297.7896 301.4472 305.1048 308.1528 309.0672 309.0672 309.372 309.0672 309.0672 308.7624 308.7624 308.7624 308.61 308.4576 308.1528 308.0004 307.848 307.5432 307.2384 306.6288 306.0192 305.4096 304.1904 302.9712 301.752 300.8376 300.228 299.3136 298.704 297.7896 297.18 296.5704 296.2656 295.656 295.656 295.3512 295.3512 295.656 296.2656 296.8752
269.4432 267.6144 266.3952 264.8712 263.652 262.7376 261.8232 261.5184 261.0612 261.0307 263.3602 263.543 263.665 263.7259 263.7564 269.4432 272.1864 274.9296 277.9776 281.0256 283.7688 286.8168 289.2552 291.3888 293.8272 297.4848 301.1424 304.4952 306.0192 307.2384 308.1528 308.4576 308.1528 308.1528 308.1528 308.4576 308.4576 308.4576 308.1528 307.6346 307.848 307.5432 307.5432 306.9336 306.0192 305.1048 303.5808 302.3616 301.1424 300.228 299.9232 299.0088 298.3992 297.4848 296.8752 295.9608 295.3512 294.7416 294.4368 293.8272 293.8272 294.132 294.7416 295.3512
270.6624 268.8336 267.0048 265.4808 264.2616 263.0424 262.128 261.2136 261.0612 261.0307 260.9698 263.3297 263.6345 263.6954 263.7564 268.5288 270.6624 273.1008 275.844 278.892 281.94 284.6832 286.8168 288.6456 290.7792 293.8272 297.4848 300.8376 303.276 305.4096 306.9336 307.2384 307.2384 307.2384 307.5432 308.1528 308.4576 308.1528 307.848 307.5432 307.5432 307.5432 307.5432 306.9336 305.7144 304.4952 303.276 301.752 300.5328 299.9232 299.3136 299.0088 298.0944 297.18 296.2656 295.3512 294.4368 293.8272 293.2176 292.608 292.3032 292.608 293.2176 293.8272
272.1864 270.3576 268.5288 267.0048 265.4808 264.2616 262.7376 261.5184 261.2136 261.1526 260.9393 263.604 263.2992 263.665 263.7259 263.7564 269.748 272.1864 274.6248 277.368 280.416 283.1592 285.2928 287.1216 289.2552 291.9984 295.3512 298.3992 300.8376 302.9712 304.4952 305.1048 305.4096 305.4096 306.0192 306.9336 307.5432 307.2384 306.9336 306.6288 306.9336 307.5432 307.5432 306.6288 305.1048 303.8856 302.6664 301.4472 300.228 299.6184 299.3136 298.704 297.7896 296.8752 295.9608 295.0464 293.8272 292.9128 291.9984 291.3888 291.084 291.3888 291.6936 292.3032
273.7104 271.8816 270.3576 268.5288 267.0048 265.176 263.652 262.128 261.2136 261.0612 263.665 263.6345 263.6345 263.2687 263.6954 263.7564 269.1384 271.272 274.0152 276.4536 279.1968 281.94 284.0736 286.2072 288.3408 291.084 293.5224 296.2656 298.3992 300.228 301.752 302.6664 302.9712 303.5808 304.4952 305.7144 306.324 306.324 306.0192 306.0192 306.324 307.2384 307.2384 306.324 304.8 303.276 302.0568 301.1424 300.228 299.6184 299.0088 298.3992 297.4848 296.5704 295.656 294.4368 293.2176 292.3032 291.3888 290.4744 289.8648 289.8648 290.1696 290.7792
275.844 274.0152 272.1864 270.3576 268.5288 266.7 264.8712 263.0424 263.7564 263.6954 263.9088 263.665 263.665 263.6345 263.2383 263.7259 263.7564 269.4432 272.4912 274.9296 277.6728 280.1112 282.5496 284.988 287.4264 289.56 291.9984 294.132 295.9608 297.7896 299.3136 300.228 300.8376 301.752 302.9712 304.1904 305.1048 305.1048 305.1048 305.1048 305.7144 306.324 306.6288 305.7144 303.8856 302.6664 301.4472 300.8376 300.228 299.6184 299.0088 298.3992 297.4848 296.5704 295.3512 294.132 292.608 291.3888 290.4744 289.56 288.6456 288.6456 288.9504 289.2552
278.892 276.7584 274.6248 272.4912 270.3576 268.5288 266.7 264.5664 263.7564 263.7259 263.8478 263.6954 263.6954 263.665 263.665 263.2078 263.7259 263.7564 269.748 272.4912 275.2344 277.9776 280.7208 283.1592 285.5976 288.036 290.1696 291.9984 293.8272 295.3512 296.8752 297.7896 298.704 299.6184 300.8376 302.3616 303.5808 303.5808 303.5808 303.5808 304.1904 304.8 304.8 303.8856 302.3616 301.4472 300.8376 300.5328 299.9232 299.3136 298.704 298.0944 297.18 296.2656 295.3512 293.8272 292.3032 291.084 289.8648 288.6456 287.7312 287.7312 287.4264 287.7312
282.2448 279.8064 277.0632 274.32 272.4912 270.6624 268.8336 266.7 264.2616 263.7564 264.5184 263.7259 263.7259 263.6954 263.6954 263.6954 263.1773 263.7259 263.7564 270.0528 272.4912 275.5392 278.2824 281.0256 283.7688 285.9024 288.036 290.1696 291.6936 293.2176 294.7416 295.656 296.5704 297.4848 298.704 300.228 301.752 302.0568 302.0568 302.0568 302.3616 302.6664 302.3616 301.752 300.8376 300.228 299.9232 299.9232 299.6184 299.3136 298.704 298.0944 297.18 296.2656 295.0464 293.8272 291.9984 290.4744 289.2552 288.036 287.1216 286.512 286.512 286.2072
285.9024 282.8544 279.8064 277.0632 274.9296 273.4056 271.272 269.1384 266.3952 264.2616 263.0424 263.7564 263.7564 263.7259 263.7259 263.7259 263.7564 263.1468 263.7259 263.7564 270.0528 273.1008 276.1488 278.892 281.6352 284.0736 286.2072 288.3408 289.8648 291.3888 292.608 293.5224 294.4368 295.3512 296.8752 298.3992 299.6184 300.228 300.5328 300.8376 300.8376 300.5328 300.5328 299.9232 299.3136 299.0088 299.0088 299.3136 299.3136 299.0088 298.3992 297.7896 297.18 296.2656 295.0464 293.5224 291.6936 290.1696 288.9504 287.4264 286.512 285.9024 285.2928 284.988
289.8648 287.1216 284.0736 281.0256 278.892 276.7584 274.6248 271.8816 269.1384 266.7 265.176 263.652 262.4328 263.7564 263.7564 263.7564 263.7564 263.1163 263.7259 263.7564 268.224 270.6624 273.7104 276.7584 279.5016 281.94 284.3784 286.512 288.036 289.2552 290.4744 291.3888 292.608 293.8272 295.3512 296.8752 298.0944 298.704 299.3136 299.6184 299.6184 299.3136 299.0088 298.704 298.3992 298.0944 298.0944 298.3992 298.3992 298.0944 297.7896 297.4848 296.8752 296.2656 295.3512 293.8272 291.9984 290.1696 288.6456 287.4264 286.2072 285.2928 284.6832 284.0736
294.132 291.3888 288.6456 285.9024 283.1592 280.416 277.9776 275.2344 272.1864 269.4432 267.3096 265.176 263.3472 261.8232 260.9088 260.8783 263.7564 263.0858 263.7259 263.7564 266.3952 268.5288 271.272 274.32 277.368 279.8064 282.5496 284.6832 286.2072 287.1216 288.3408 289.56 291.084 292.3032 293.8272 295.3512 296.5704 297.4848 298.0944 298.704 298.704 298.3992 298.0944 298.0944 297.7896 297.4848 297.4848 297.4848 297.4848 297.4848 297.18 296.8752 296.5704 295.9608 295.3512 293.8272 292.3032 290.4744 288.9504 287.4264 285.9024 284.988 284.0736 284.1592
298.0944 295.656 293.2176 290.4744 287.4264 284.3784 281.3304 278.2824 275.2344 272.1864 269.4432 267.0048 264.5664 262.4328 260.9088 260.8783 260.8478 263.7564 263.0554 263.7259 263.7564 266.3952 269.1384 271.8816 274.9296 277.6728 280.416 282.8544 284.0736 284.988 285.9024 287.4264 289.2552 291.084 292.3032 293.8272 295.0464 295.9608 296.8752 297.4848 297.4848 297.4848 297.18 297.18 296.8752 296.8752 296.8752 296.5704 296.5704 296.5704 296.2656 296.2656 295.9608 295.656 295.0464 293.8272 292.3032 290.7792 288.9504 287.4264 285.5976 284.3784 283.464 282.5496
301.752 299.6184 297.18 294.7416 291.3888 288.036 284.6832 281.3304 277.9776 274.6248 271.8816 269.1384 266.3952 264.2616 262.4328 260.9088 260.8783 263.7564 263.0249 263.7259 263.7564 265.176 267.3096 269.748 272.4912 274.9296 277.6728 280.1112 281.6352 282.5496 283.7688 285.5976 287.4264 289.2552 291.084 292.608 294.132 295.0464 295.9608 296.5704 296.8752 296.5704 296.5704 296.2656 295.9608 295.9608 295.9608 295.9608 295.9608 295.656 295.3512 295.3512 295.3512 295.0464 294.7416 293.5224 291.9984 290.4744 288.9504 287.1216 285.5976 284.0736 282.8544 281.6352
304.8 303.276 301.4472 299.3136 295.656 291.6936 287.7312 284.0736 280.416 277.0632 274.0152 271.272 268.8336 266.3952 264.2616 262.4328 263.7564 263.7259 262.9944 263.6954 263.7259 263.7564 266.0904 267.9192 270.0528 272.4912 274.9296 277.0632 278.5872 280.1112 281.3304 283.464 285.5976 287.4264 289.56 291.3888 293.2176 294.132 295.0464 295.656 295.9608 295.9608 295.9608 295.656 295.3512 295.0464 295.0464 295.0464 295.0464 294.7416 294.7416 294.4368 294.4368 294.132 293.8272 292.9128 291.6936 290.1696 288.6456 287.1216 285.2928 284.0736 282.5496 281.0256
307.848 306.324 305.1048 302.9712 299.3136 295.3512 291.084 287.1216 283.1592 279.5016 276.4536 273.7104 270.9672 268.5288 266.0904 263.9568 263.7564 263.7259 262.9639 263.665 263.6954 263.7259 263.7564 266.0904 267.9192 270.0528 272.1864 274.32 276.1488 277.6728 279.5016 281.3304 283.7688 285.9024 288.3408 290.4744 292.3032 293.5224 294.132 295.0464 295.3512 295.3512 295.3512 294.7416 294.4368 294.132 294.132 294.132 294.4368 294.132 293.8272 293.5224 293.5224 293.2176 292.9128 292.3032 291.084 289.8648 288.3408 286.8168 285.2928 283.7688 281.94 280.7208
309.9816 308.4576 306.9336 305.1048 301.752 298.0944 294.4368 290.4744 286.512 282.5496 279.1968 276.4536 273.4056 270.6624 267.9192 265.4808 263.3472 263.7564 263.7259 262.9334 263.6954 263.7259 263.7564 264.8712 266.7 268.5288 270.6624 272.796 274.6248 276.1488 277.9776 280.416 282.5496 284.6832 287.1216 289.2552 291.3888 292.608 293.5224 294.132 294.4368 294.7416 294.7416 294.4368 293.8272 293.5224 293.5224 293.5224 293.5224 293.2176 292.9128 292.608 292.608 292.3032 291.9984 291.3888 290.4744 289.56 288.036 286.512 284.988 283.464 281.94 280.416
311.8104 310.2864 308.4576 306.324 303.5808 300.8376 297.4848 293.8272 289.56 285.5976 282.2448 278.892 275.5392 272.4912 269.4432 266.7 264.5664 262.7376 263.7564 263.7259 262.903 263.7259 263.7564 263.9568 265.7856 267.6144 269.4432 271.5768 273.4056 275.2344 277.0632 279.1968 281.6352 283.7688 286.2072 288.3408 290.4744 291.6936 292.608 293.5224 293.8272 294.132 294.132 293.8272 293.5224 293.2176 292.9128 292.9128 292.608 292.3032 291.9984 291.9984 291.6936 291.3888 291.084 290.4744 289.8648 288.9504 287.4264 286.2072 284.6832 283.1592 281.6352 280.1112
313.3344 311.8104 309.6768 307.848 305.4096 302.9712 300.228 296.5704 292.608 288.6456 284.988 281.3304 277.9776 274.32 270.9672 267.9192 265.7856 263.9568 262.128 263.7564 262.8725 263.7259 263.7564 263.0424 264.8712 266.7 268.5288 270.3576 272.1864 274.32 276.1488 278.5872 280.7208 283.1592 285.2928 287.7312 289.56 291.084 292.3032 293.2176 293.5224 293.9796 293.8272 293.5224 293.2176 292.9128 292.608 292.3032 291.9984 291.3888 291.3888 291.084 290.7792 290.4744 290.1696 289.56 288.9504 288.036 286.8168 285.5976 284.3784 282.8544 281.3304 279.8064
314.2488 312.42 310.5912 308.4576 306.324 303.8856 301.4472 298.0944 294.4368 290.4744 287.1216 283.464 279.8064 276.1488 272.4912 269.1384 266.7 264.2616 262.4328 260.7564 262.842 263.7564 260.7869 262.128 263.9568 265.7856 267.6144 269.1384 271.272 273.4056 275.5392 277.9776 280.7208 283.1592 285.2928 287.7312 289.8648 291.3888 292.608 293.8272 293.8272 294.132 294.132 293.8272 293.5224 292.9128 292.3032 291.6936 291.3888 290.7792 290.4744 290.1696 289.8648 289.56 288.9504 288.3408 287.7312 286.8168 285.9024 284.6832 283.464 282.2448 281.0256 279.5016
314.5536 313.0296 311.2008 309.0672 306.9336 304.8 302.0568 299.0088 295.656 292.608 288.9504 285.2928 281.6352 277.6728 273.7104 270.0528 267.3096 264.8712 262.7376 261.2136 260.7564 260.8115 260.2992 261.8232 263.3472 264.8712 266.7 268.5288 270.6624 272.796 275.2344 277.9776 280.416 283.1592 285.5976 288.036 290.1696 291.6936 293.2176 294.4368 294.7416 294.4368 294.4368 294.132 293.5224 292.9128 292.3032 291.3888 290.7792 290.1696 289.56 288.9504 288.6456 288.036 287.7312 287.1216 286.512 285.5976 284.6832 283.7688 282.8544 281.6352 280.1112 278.892
314.8584 313.3344 311.5056 309.6768 307.5432 305.1048 302.6664 299.9232 297.18 294.132 290.7792 287.1216 283.1592 279.1968 274.9296 271.272 268.224 265.176 262.7376 261.2136 259.9944 260.781 259.9944 261.2136 262.4328 264.2616 265.7856 267.6144 269.748 272.1864 274.6248 277.368 280.416 283.1592 285.5976 288.036 290.4744 292.3032 293.8272 295.0464 295.3512 295.0464 295.0464 294.4368 293.8272 293.2176 292.3032 291.3888 290.4744 289.56 288.9504 288.036 287.4264 286.8168 286.2072 285.5976 284.988 284.3784 283.464 282.8544 281.94 280.7208 279.5016 277.9776
314.2488 312.7248 311.2008 309.372 307.2384 305.1048 302.6664 300.228 297.7896 295.0464 291.6936 288.3408 284.6832 280.416 276.1488 272.1864 268.8336 266.0904 263.3472 261.5184 260.2992 260.7505 259.842 260.9088 261.8232 263.3472 264.8712 266.3952 268.8336 271.272 273.7104 276.7584 279.5016 282.5496 285.2928 288.036 290.4744 292.3032 293.8272 295.3512 295.656 295.656 295.656 295.0464 294.132 293.2176 292.3032 291.084 290.1696 289.2552 288.3408 287.4264 286.512 285.9024 284.988 284.3784 283.7688 283.1592 282.2448 281.6352 280.7208 279.8064 278.5872 277.368
313.3344 312.1152 310.5912 309.0672 306.9336 304.8 302.6664 300.5328 298.3992 295.9608 292.9128 289.2552 285.5976 281.6352 277.0632 273.1008 269.748 266.7 263.9568 262.128 260.2992 259.9944 260.7201 260.2992 261.2136 262.7376 263.9568 265.4808 267.6144 270.0528 272.796 275.5392 278.892 281.94 284.6832 287.4264 290.1696 292.3032 294.132 295.656 296.2656 296.5704 296.5704 295.656 294.7416 293.5224 292.3032 291.3888 290.1696 288.9504 288.036 286.8168 285.9024 284.988 284.0736 283.1592 282.5496 281.6352 281.0256 280.416 279.5016 278.5872 277.6728 276.4536
312.7248 311.2008 309.9816 308.4576 306.324 304.1904 302.0568 300.228 298.704 296.5704 293.5224 290.1696 286.8168 282.5496 277.9776 274.0152 270.3576 267.3096 264.2616 262.4328 260.604 259.9944 260.6896 259.9944 260.604 261.8232 263.0424 264.5664 266.7 269.1384 271.5768 274.6248 277.6728 280.7208 283.7688 286.8168 289.56 291.6936 293.8272 295.656 296.5704 296.8752 297.18 296.2656 295.3512 294.132 292.608 291.3888 290.1696 288.9504 287.7312 286.512 285.2928 284.0736 283.1592 282.2448 281.3304 280.7208 279.8064 279.1968 278.5872 277.6728 276.4536 275.5392
311.5056 309.9816 308.4576 306.9336 304.8 302.9712 301.1424 299.3136 297.4848 295.656 293.2176 290.1696 287.1216 283.1592 278.892 274.6248 270.9672 267.6144 264.2616 262.4328 260.9088 259.6896 260.5372 259.6896 260.2992 260.9088 262.128 263.3472 265.4808 267.6144 270.0528 272.796 275.844 278.892 281.94 284.988 288.036 290.4744 292.608 294.7416 296.2656 297.4848 298.0944 297.4848 296.2656 295.0464 293.5224 291.9984 290.4744 289.2552 287.7312 286.512 285.2928 284.0736 282.8544 281.6352 280.7208 279.8064 279.1968 278.2824 277.368 276.4536 275.5392 274.6248
309.9816 308.4576 306.6288 305.1048 303.276 301.4472 299.6184 297.7896 296.2656 294.4368 292.3032 290.1696 287.4264 283.464 279.1968 275.2344 271.272 267.6144 264.2616 262.4328 260.9088 259.6896 260.3848 259.3848 259.6896 260.2992 261.2136 262.128 263.9568 266.0904 268.224 270.6624 273.7104 276.7584 279.8064 283.1592 286.2072 288.6456 291.084 293.5224 295.656 297.7896 299.3136 298.704 297.4848 295.9608 294.4368 292.608 290.7792 289.56 288.036 286.8168 285.2928 283.7688 282.5496 281.3304 280.416 279.1968 278.2824 277.368 276.4536 275.5392 274.6248 273.7104
308.7624 306.9336 305.1048 303.276 301.752 299.9232 298.0944 296.5704 295.0464 293.5224 291.6936 289.56 287.4264 283.7688 279.8064 275.844 271.8816 267.9192 264.5664 262.7376 261.2136 259.9944 259.6896 260.2324 259.08 259.6896 260.2992 261.2136 262.7376 264.5664 266.3952 268.8336 271.5768 274.32 277.368 280.7208 284.0736 286.8168 289.2552 291.9984 294.7416 297.4848 299.3136 299.0088 297.7896 296.5704 294.7416 292.9128 291.3888 289.8648 288.6456 287.1216 285.5976 284.0736 282.5496 281.3304 280.1112 278.892 277.6728 276.7584 275.5392 274.6248 273.7104 272.796
