out/production/GISProjectupd/data/output.txt
ncols 180
nrows 180
xllcorner 0.0
yllcorner 0.0
cellsize 20.0
NODATA_VALUE -9999.0
[rows 84 to 111 of 180, columns 64 to 127 of 180]
294.4368 294.4368 294.4368 294.4368 294.7416 294.7416 295.0464 295.3512 295.3512 295.656 295.9608 296.2656 296.5704 298.5704 298.8752 299.18 299.4848 299.7896 298.0944 298.3992 298.704 299.0088 299.3136 299.3136 299.3136 299.9232 300.8376 301.4472 302.3616 302.9712 303.5808 303.276 302.9712 302.3616 301.4472 300.228 299.3136 297.7896 296.5704 295.0464 293.5224 291.9984 290.1696 286.8168 282.8544 278.892 274.6248 269.748 265.4808 261.5184 257.8608 254.508 252.6792 251.1552 251.9114 251.1552 252.6792 254.2032 256.032 258.1656 260.604 263.3472 266.3952 268.8336
295.3512 295.3512 295.3512 295.3512 295.3512 295.656 295.9608 295.9608 296.2656 296.5704 296.8752 299.18 299.18 299.4848 299.4848 299.7896 300.0944 300.3992 300.704 299.0088 299.0088 299.3136 299.3136 299.466 299.6184 300.5328 301.4472 302.3616 303.8856 305.4096 306.6288 306.6288 306.6288 306.324 305.4096 303.8856 302.3616 300.5328 298.3992 296.5704 295.3512 294.132 292.3032 289.2552 285.9024 281.94 277.368 272.796 267.9192 263.652 259.6896 256.032 253.5936 251.7648 251.0028 251.8809 250.9114 253.5936 255.7272 257.556 259.6896 262.4328 265.176 267.9192
296.5704 296.5704 296.5704 296.5704 296.5704 296.5704 296.8752 297.18 297.4848 297.7896 297.7896 298.0944 300.0944 300.0944 300.3992 300.704 300.704 301.0088 301.0088 301.0088 299.3136 299.3136 299.466 299.6184 299.9232 300.5328 301.4472 302.3616 303.8856 305.4096 306.6288 306.9336 306.9336 306.9336 306.0192 304.8 303.5808 301.752 299.6184 297.7896 296.5704 295.3512 293.8272 291.084 288.036 284.3784 279.8064 275.2344 270.3576 265.7856 261.2136 257.2512 254.8128 252.6792 251.1552 251.1552 251.8504 252.6792 254.508 256.6416 258.7752 261.5184 264.2616 266.7
298.0944 297.7896 297.7896 297.4848 297.7896 297.7896 298.0944 298.3992 298.704 299.0088 299.0088 299.0088 299.0088 301.0088 301.3136 301.3136 301.3136 301.3136 301.3136 301.3136 301.3136 301.466 299.466 299.6184 299.9232 300.5328 301.1424 302.0568 303.276 304.8 305.7144 306.0192 306.324 306.324 305.7144 305.1048 304.1904 302.3616 300.5328 298.704 297.4848 296.5704 295.0464 292.608 289.56 286.512 282.2448 277.368 272.796 267.9192 263.0424 258.7752 256.032 253.8984 252.0696 251.46 251.8199 251.46 252.984 255.4224 257.8608 260.2992 263.0424 265.4808
299.6184 299.3136 299.0088 298.704 298.704 298.704 299.0088 299.3136 299.6184 299.9232 299.9232 299.9232 299.9232 299.9232 299.9232 299.9232 301.9232 301.6184 301.6184 301.466 301.466 301.466 301.6184 299.6184 299.9232 300.5328 301.1424 302.0568 302.9712 304.1904 305.1048 305.4096 305.7144 305.7144 305.4096 305.1048 304.1904 302.9712 301.1424 299.6184 298.3992 297.18 295.9608 293.5224 291.084 288.036 283.7688 279.5016 274.6248 269.748 264.5664 259.9944 257.2512 254.8128 252.984 251.7648 250.8504 251.7894 252.0696 254.2032 256.6416 259.08 261.8232 264.2616
300.5328 300.228 299.9232 299.6184 299.6184 299.6184 299.6184 299.6184 299.9232 300.228 300.228 300.228 300.228 300.228 300.228 300.228 300.228 299.9232 301.9232 301.6184 301.6184 301.6794 301.6184 301.7708 299.9232 300.5328 301.1424 301.752 302.6664 303.8856 304.4952 305.1048 305.1048 305.1048 304.8 304.4952 303.8856 302.6664 301.1424 299.6184 298.3992 297.4848 295.9608 293.8272 291.084 288.3408 284.3784 280.1112 275.844 270.9672 266.0904 261.8232 258.7752 256.032 253.8984 252.0696 250.8504 251.759 251.46 253.2888 255.4224 257.8608 260.2992 262.4328
301.752 301.1424 300.8376 300.5328 300.228 300.228 299.9232 300.228 300.228 300.228 300.3194 300.3804 300.4414 300.5328 300.5328 300.5328 300.228 300.228 299.9232 301.9232 301.7708 301.7098 301.7403 301.7708 299.9232 300.5328 301.1424 301.752 302.6664 303.5808 304.1904 304.4952 304.8 304.4952 304.1904 303.8856 303.276 302.0568 300.8376 299.6184 298.3992 297.18 295.656 293.5224 290.7792 288.036 284.3784 280.416 276.4536 272.1864 267.6144 263.652 260.2992 257.556 254.8128 252.6792 251.1552 251.7285 251.1552 252.6792 254.2032 256.3368 258.4704 260.9088
302.6664 302.0568 301.4472 301.1424 300.8376 300.5328 300.5328 300.5328 300.3804 300.3804 300.4414 300.5328 300.5328 300.5328 300.6852 300.5328 300.5328 300.228 300.228 301.9232 301.8622 301.8318 301.8622 301.8318 301.9232 302.5328 301.1424 301.752 302.6664 303.276 303.8856 304.1904 304.1904 303.8856 303.5808 302.9712 302.3616 301.4472 300.5328 299.3136 298.0944 296.8752 295.3512 293.2176 290.7792 288.036 284.6832 281.0256 277.368 273.4056 269.1384 265.176 261.8232 258.7752 255.7272 253.5936 251.46 251.698 250.8504 251.7648 252.984 255.1176 256.9464 259.3848
303.5808 302.9712 302.3616 301.752 301.4472 301.1424 300.8376 300.5328 300.5328 300.5328 300.5328 300.5328 300.8376 300.8376 300.8376 300.8376 300.5328 300.5328 300.228 300.228 301.9232 301.9232 301.9232 301.9232 301.9232 302.5328 303.1424 303.752 304.3616 302.9712 303.276 303.276 302.9712 302.6664 302.3616 302.0568 301.752 300.8376 299.9232 299.0088 297.7896 296.5704 295.0464 292.9128 290.4744 287.7312 284.6832 281.3304 277.6728 274.0152 270.6624 267.0048 263.652 260.2992 257.2512 254.8128 252.6792 251.1552 251.5456 251.1552 251.7648 253.5936 255.7272 258.1656
304.1904 303.5808 302.9712 302.6664 302.0568 301.4472 301.1424 300.8376 300.8376 300.8376 300.8376 300.8376 300.8376 300.99 300.929 300.8376 300.8376 300.5328 300.5328 300.5328 300.5328 300.228 300.228 300.167 302.228 302.5328 303.1424 303.752 304.3616 304.3616 302.6664 302.3616 301.752 301.4472 301.1424 301.1424 300.8376 300.228 299.3136 298.3992 297.18 296.2656 294.7416 292.608 290.4744 287.7312 284.6832 281.3304 278.2824 274.9296 271.8816 268.5288 265.176 261.8232 258.4704 256.3368 254.508 252.6792 251.7648 251.2408 250.8504 252.3744 254.508 256.9464
304.8 304.4952 303.8856 303.276 302.6664 302.0568 301.4472 301.1424 301.1424 301.1424 301.1424 301.1424 301.1424 301.1424 301.1424 301.1424 300.8376 300.8376 300.6852 300.6242 300.8376 300.8376 300.5328 300.5328 300.5328 300.8376 303.4472 304.0568 304.0568 304.2092 304.0568 303.4472 301.4472 300.5328 300.228 300.228 300.228 299.6184 298.704 297.7896 296.8752 295.656 294.4368 292.608 290.1696 288.036 284.988 281.6352 278.5872 275.844 273.1008 270.0528 266.7 263.0424 259.9944 257.556 255.7272 253.8984 252.0696 250.5456 250.936 251.1552 253.5936 255.7272
305.7144 305.1048 304.8 304.4952 303.5808 302.6664 301.752 301.752 301.4472 301.4472 301.4472 301.4472 301.2948 301.2034 301.1729 301.1424 301.1424 300.8376 300.8376 300.8376 301.1424 301.4472 301.4472 301.4472 301.4472 301.752 302.3616 302.6664 302.6664 302.3616 304.0568 303.4472 301.8376 301.228 300.9232 299.9232 299.6184 299.0088 298.3992 297.4848 296.2656 295.3512 294.132 292.3032 290.4744 288.3408 285.2928 282.2448 279.1968 276.4536 273.7104 270.9672 267.6144 264.2616 260.9088 258.4704 256.032 253.8984 252.0696 250.2408 250.7836 250.5456 252.6792 254.8128
306.6288 306.324 306.0192 305.4096 304.4952 303.276 302.3616 302.0568 302.0568 301.752 301.752 301.4472 301.4472 301.2948 301.2338 301.2034 301.1424 300.99 300.8986 301.1424 301.752 302.3616 302.6664 302.6664 302.6664 302.9712 303.276 303.276 302.9712 302.6664 302.3616 303.752 301.1424 300.5328 299.9232 300.6184 299.3136 298.704 297.7896 297.18 295.9608 295.0464 293.8272 292.3032 290.7792 288.6456 285.9024 282.5496 279.5016 277.0632 274.32 271.8816 268.5288 265.176 262.128 259.08 256.3368 253.5936 251.7648 250.2408 250.6312 250.2408 252.0696 253.8984
307.2384 306.9336 306.9336 306.6288 305.4096 304.1904 303.276 302.6664 302.3616 302.0568 302.0568 301.752 301.4472 301.4472 301.4472 301.3253 301.1424 301.1424 301.1424 301.752 302.3616 303.276 303.5808 303.8856 303.8856 304.1904 304.1904 304.1904 303.5808 302.9712 302.6664 302.0568 301.1424 300.5328 299.9232 299.6184 300.0088 299.3992 297.7896 296.8752 295.9608 294.7416 293.5224 292.3032 290.7792 288.9504 286.2072 284.1592 281.1112 278.6728 276.2344 273.796 270.748 267.3952 264.0424 260.9944 257.6416 254.8984 252.7648 251.2408 250.3264 249.936 251.1552 252.6792
307.848 307.5432 307.5432 307.2384 306.324 305.1048 304.1904 303.5808 303.276 302.9712 302.3616 302.0568 301.752 301.5996 301.4472 301.4472 301.4472 301.2948 301.4472 302.0568 302.9712 303.8856 304.4952 304.4952 304.8 304.8 304.8 304.8 304.4952 303.8856 303.276 302.3616 301.752 300.8376 300.228 299.6184 299.0088 298.3992 298.4848 297.5704 296.656 295.7416 294.5224 292.9984 291.7792 290.2552 287.8168 284.6832 281.3304 278.892 276.7584 274.32 271.272 268.224 264.8712 261.8232 258.4704 255.4224 252.984 251.1552 249.936 250.174 250.5456 251.46
308.4576 308.1528 307.848 307.5432 306.9336 306.324 305.7144 305.1048 304.4952 303.8856 303.276 302.3616 301.752 301.752 301.752 301.752 301.752 301.4472 301.752 302.6664 303.8856 304.8 305.1048 305.4096 305.7144 305.7144 305.7144 305.4096 305.1048 304.8 304.1904 303.276 302.0568 301.1424 300.228 299.6184 299.0088 298.0944 297.4848 296.5704 295.656 294.4368 293.5224 291.9984 290.7792 289.2552 287.1216 284.988 282.5496 280.416 278.2824 275.844 273.1008 270.0528 267.0048 263.652 260.2992 257.2512 254.8128 252.3744 250.5456 250.0216 249.936 250.2408
309.0672 308.7624 308.4576 308.1528 307.848 307.2384 306.6288 306.324 305.7144 304.8 303.8856 302.9712 302.0568 302.0568 302.0568 302.0568 302.0568 301.752 302.0568 302.9712 304.1904 305.4096 305.7144 306.0192 306.324 306.324 306.324 306.324 306.0192 305.7144 305.1048 303.8856 302.6664 301.4472 300.5328 299.6184 299.0088 298.0944 297.4848 296.5704 295.656 294.7416 293.5224 292.3032 290.7792 289.56 287.7312 285.9024 283.7688 281.94 279.8064 277.6728 274.9296 271.8816 268.8336 265.4808 262.128 259.08 256.3368 253.5936 251.46 250.2408 249.8692 249.3264
309.372 309.372 309.0672 308.7624 308.4576 308.1528 307.848 307.5432 307.2384 306.6288 305.4096 304.1904 302.9712 302.3616 302.3616 302.2092 302.0568 302.0568 302.3616 303.276 304.4952 305.4096 306.0192 306.6288 306.9336 307.2384 307.2384 307.2384 306.9336 306.6288 306.0192 304.8 303.276 302.0568 300.8376 299.9232 299.0088 298.3992 297.7896 296.8752 295.9608 295.0464 294.132 292.9128 291.3888 290.1696 288.3408 286.8168 284.988 283.1592 281.3304 279.1968 276.4536 273.4056 270.3576 266.7 263.0424 259.6896 256.9464 254.508 252.3744 250.5456 249.3264 249.7168
309.9816 309.6768 309.6768 309.6768 309.372 308.7624 308.7624 308.7624 308.7624 308.4576 307.2384 305.4096 303.8856 303.276 302.3616 302.2092 302.2702 302.3616 302.9712 303.8856 304.8 305.7144 306.324 306.9336 307.5432 307.848 308.1528 308.1528 307.848 307.5432 306.9336 305.7144 304.1904 302.6664 301.4472 299.9232 299.0088 298.3992 298.0944 297.4848 296.5704 295.656 294.7416 293.5224 292.3032 291.084 289.2552 287.7312 285.9024 284.3784 282.8544 280.7208 277.9776 274.9296 271.5768 267.9192 263.9568 260.2992 257.556 255.1176 252.984 251.1552 249.6312 249.6558
310.2864 310.2864 310.2864 309.9816 309.9816 309.6768 309.372 309.6768 309.9816 309.9816 308.4576 306.6288 305.1048 303.8856 302.9712 302.3616 302.3616 302.6664 303.276 303.8856 304.8 305.7144 306.6288 307.5432 308.4576 308.7624 309.0672 309.0672 309.0672 308.7624 308.1528 306.9336 305.4096 303.8856 302.3616 300.5328 299.3136 298.704 298.3992 298.0944 297.18 296.2656 295.3512 294.132 293.2176 291.9984 290.4744 288.6456 287.1216 285.5976 284.0736 282.5496 279.8064 276.4536 273.4056 269.1384 265.176 261.2136 258.4704 256.032 253.5936 251.7648 249.936 249.5949
310.5912 310.5912 310.5912 310.5912 310.2864 309.9816 309.9816 309.9816 310.2864 310.2864 309.0672 307.2384 306.0192 304.8 303.8856 302.9712 302.6664 302.6664 302.9712 303.8856 305.1048 306.0192 307.2384 308.4576 309.372 309.6768 309.9816 310.2864 310.2864 309.9816 309.6768 308.7624 307.848 306.6288 304.8 302.6664 300.8376 299.9232 299.3136 298.704 297.7896 297.18 296.2656 295.0464 294.132 292.9128 291.3888 289.8648 288.3408 286.8168 285.5976 284.0736 281.6352 278.892 276.1488 272.1864 267.9192 263.9568 260.604 257.556 254.508 252.6792 250.5456 249.3264
310.896 310.4388 310.4388 310.5912 310.5912 310.5912 310.2864 310.2864 310.2864 309.9816 309.0672 307.848 306.9336 305.7144 304.8 303.8856 303.276 302.9102 302.9712 303.5808 305.1048 306.6288 307.848 309.0672 310.2864 310.5912 310.896 311.2008 311.2008 311.5056 311.5056 311.2008 310.896 309.9816 307.5432 304.8 302.6664 301.1424 300.5328 299.6184 298.704 297.7896 296.8752 295.9608 295.0464 294.132 292.9128 291.3888 289.8648 288.3408 287.1216 285.5976 283.7688 281.6352 279.1968 275.5392 271.5768 267.3096 263.3472 259.3848 255.7272 253.2888 251.7648 250.2408
310.896 310.896 310.2864 310.896 310.896 310.896 310.5912 310.5912 310.2864 309.9816 309.372 308.4576 307.5432 306.6288 305.7144 304.8 303.8856 302.9712 303.4284 303.8856 305.4096 306.9336 308.4576 309.6768 310.896 311.5056 311.8104 312.1152 312.42 312.7248 313.0296 313.0296 313.0296 312.42 309.9816 306.9336 304.1904 302.6664 301.4472 300.228 299.3136 298.3992 297.7896 296.8752 295.9608 295.0464 293.8272 292.608 291.084 289.8648 288.3408 287.1216 285.2928 283.7688 281.94 278.5872 274.6248 270.6624 266.0904 261.2136 256.9464 254.508 252.6792 251.1552
311.2008 311.2008 310.2559 310.2864 310.5912 310.896 310.896 310.5912 310.5912 310.2864 309.6768 308.7624 308.1528 307.2384 306.324 305.4096 304.8 303.8856 303.5808 304.4952 306.324 307.5432 308.7624 309.9816 310.896 311.5056 312.1152 312.42 312.7248 313.0296 313.0296 313.0296 313.0296 312.42 310.2864 307.5432 305.1048 303.276 302.0568 300.5328 299.9232 299.0088 298.3992 297.4848 296.8752 295.9608 294.7416 293.2176 291.9984 290.4744 289.2552 288.036 286.512 284.988 282.8544 279.8064 276.4536 273.1008 268.5288 263.652 259.3848 256.6416 254.2032 252.3744
311.8104 311.5056 311.2008 310.2254 310.2864 310.5912 310.896 310.896 310.5912 310.2864 309.6768 309.0672 308.1528 307.5432 306.9336 306.324 305.7144 305.1048 304.8 305.7144 307.2384 308.4576 309.372 309.9816 310.5912 311.5056 312.1152 312.7248 312.7248 313.0296 313.0296 312.7248 312.42 311.5056 309.6768 307.5432 305.7144 303.8856 302.3616 301.1424 300.228 299.6184 299.0088 298.0944 297.4848 296.5704 295.3512 293.8272 292.608 291.084 289.8648 288.6456 287.1216 285.2928 283.464 281.0256 278.2824 275.2344 270.9672 266.0904 261.8232 258.7752 256.032 253.5936
312.1152 311.8104 311.2008 310.896 310.195 310.5912 310.7436 310.896 310.896 310.5912 309.9816 309.372 308.4576 308.1528 307.5432 306.9336 306.6288 306.0192 306.0192 306.9336 308.1528 309.0672 309.6768 309.9816 310.5912 311.2008 312.1152 312.7248 313.0296 313.0296 313.0296 312.42 311.5056 310.5912 309.372 307.848 306.0192 304.4952 302.6664 301.1424 300.5328 299.9232 299.3136 298.3992 297.4848 296.5704 295.3512 293.8272 292.608 291.3888 290.1696 288.9504 287.4264 285.9024 284.0736 281.94 279.8064 277.0632 273.1008 268.5288 264.2616 260.9088 257.8608 255.1176
312.42 312.1152 311.5056 311.2008 310.896 310.1645 310.896 310.896 310.896 310.5912 309.9816 309.372 308.7624 308.4576 307.848 307.5432 307.5432 307.2384 307.5432 308.1528 308.7624 309.6768 309.9816 310.2864 310.896 311.5056 312.1152 312.7248 312.7248 313.0296 313.0296 312.1152 311.2008 309.9816 308.7624 307.5432 306.0192 304.4952 302.6664 301.4472 300.5328 299.9232 299.3136 298.0944 296.8752 295.3512 294.132 292.608 291.3888 290.1696 289.56 288.6456 287.4264 285.9024 284.3784 282.5496 280.7208 278.2824 274.6248 270.3576 266.7 263.3472 260.604 257.556
313.0296 312.42 311.8104 311.5056 311.2008 310.896 310.134 310.896 310.5912 310.2864 309.9816 309.6768 309.0672 308.7624 308.4576 308.1528 308.4576 308.4576 308.7624 309.0672 309.6768 309.9816 310.2864 310.5912 311.2008 311.5056 312.1152 312.42 312.7248 313.0296 313.0296 311.8104 310.5912 309.372 308.1528 306.9336 305.7144 304.1904 302.6664 301.4472 300.5328 299.9232 299.0088 297.4848 295.656 293.8272 292.3032 290.7792 289.56 288.9504 288.3408 287.7312 286.8168 285.9024 284.988 283.1592 281.3304 279.1968 275.844 272.4912 269.1384 266.0904 263.0424 260.2992
