out/production/GISProjectupd/data/prjOut.txt
ncols 180
nrows 180
xllcorner 0.0
yllcorner 0.0
cellsize 20.0
NODATA_VALUE -9999.0
[rows 0 to 27 of 180, columns 0 to 63 of 180]
637.032 636.4224 634.5936 632.7648 630.936 629.7168 628.4976 627.888 627.888 627.2784 626.6688 626.6688 626.364 626.364 626.6688 627.2784 627.888 627.888 627.2784 627.1564 626.9736 626.6688 626.0592 624.2304 622.4016 619.9632 618.1344 616.3056 613.2576 610.2096 605.9424 602.2848 598.6272 594.9696 591.9216 588.8736 587.0448 584.6064 582.168 579.12 576.6816 574.2432 573.024 571.1952 570.5856 569.976 569.3664 569.976 570.5856 571.1952 571.8048 573.024 573.6336 573.6336 573.024 572.4144 570.5856 568.7568 566.3184 562.6608 559.0032 555.3456 551.688 548.64
637.6416 637.032 635.2032 632.7648 630.936 629.7168 629.1072 627.888 627.2784 627.2784 626.6688 626.0592 626.0592 626.0592 626.6688 627.2784 627.2784 627.2784 627.2784 626.9736 626.9736 626.6688 626.6688 624.84 622.4016 620.5728 618.744 616.3056 613.8672 610.8192 606.552 602.8944 599.2368 595.5792 591.9216 589.4832 587.0448 584.6064 582.168 579.12 576.6816 574.8528 573.024 571.8048 570.5856 570.2808 569.6712 569.976 570.5856 571.1952 572.4144 573.024 573.6336 573.6336 573.6336 573.024 571.1952 568.7568 566.3184 562.6608 559.0032 555.9552 552.2976 548.64
639.4704 638.8608 637.032 634.5936 632.1552 630.3264 629.1072 627.888 627.2784 626.6688 625.4496 625.4496 624.84 624.84 625.4496 626.0592 626.6688 626.6688 626.6688 626.9736 627.2784 627.2784 627.2784 626.0592 623.6208 621.792 620.5728 618.744 616.9152 613.2576 608.9904 605.3328 601.0656 597.408 593.7504 590.7024 588.264 585.216 582.7776 579.7296 577.2912 575.4624 573.6336 571.8048 571.1952 570.5856 569.976 570.5856 571.1952 571.8048 572.4144 573.024 573.6336 574.2432 573.6336 573.6336 571.8048 569.3664 566.928 563.88 560.2224 556.5648 552.9072 549.2496
641.9088 641.2992 638.8608 636.4224 633.984 631.5456 629.7168 627.888 626.6688 625.4496 624.84 624.2304 623.6208 623.6208 623.6208 624.2304 624.84 626.0592 626.6688 627.2784 627.888 628.4976 628.4976 627.2784 625.4496 624.2304 623.0112 621.792 619.9632 616.3056 612.648 608.3808 604.1136 599.8464 595.5792 592.5312 589.4832 586.4352 583.3872 580.9488 578.5104 576.072 574.2432 572.4144 571.8048 571.1952 570.5856 571.1952 571.8048 572.4144 573.024 573.6336 574.2432 574.2432 574.8528 574.2432 572.4144 570.5856 568.1472 565.0992 561.4416 557.784 554.1264 550.4688
644.9568 644.3472 641.9088 638.8608 635.8128 633.3744 630.936 628.4976 626.6688 625.4496 624.2304 623.0112 622.4016 622.4016 622.4016 623.0112 623.6208 624.84 626.0592 627.2784 627.888 629.1072 629.7168 628.4976 627.2784 626.0592 624.84 624.2304 622.4016 618.744 615.0864 610.8192 606.552 601.6752 597.408 593.7504 590.7024 587.0448 584.6064 581.5584 579.12 576.6816 574.8528 573.024 572.4144 571.8048 571.1952 571.8048 571.8048 572.4144 573.024 573.6336 574.2432 574.8528 574.8528 574.8528 573.024 571.1952 568.7568 565.7088 562.6608 559.0032 555.3456 551.0784
648.6144 648.0048 645.5664 641.9088 638.8608 635.8128 632.7648 630.3264 627.888 626.0592 624.2304 623.0112 621.792 621.1824 621.792 621.792 622.4016 623.6208 624.84 626.0592 627.2784 628.4976 629.1072 628.4976 627.2784 626.6688 625.4496 624.84 623.0112 619.9632 616.3056 612.648 608.3808 603.504 599.2368 594.9696 591.312 587.6544 585.216 582.168 579.12 577.2912 575.4624 573.6336 572.4144 571.8048 571.1952 571.1952 571.8048 571.8048 572.4144 573.024 573.024 573.6336 574.2432 574.2432 572.4144 570.5856 568.1472 565.7088 562.6608 559.6128 555.9552 551.688
652.8816 652.272 649.224 646.176 642.5184 638.8608 635.2032 632.1552 629.7168 627.2784 624.84 623.0112 621.792 621.1214 621.1214 621.1824 621.792 622.4016 623.6208 624.2304 626.0592 627.2784 627.888 627.888 627.888 627.2784 626.0592 624.84 623.6208 620.5728 617.5248 613.8672 609.6 605.3328 600.456 596.7984 592.5312 588.8736 585.216 582.168 579.12 577.2912 575.4624 574.2432 573.024 571.8048 571.1952 570.5856 570.5856 571.1952 571.1952 571.1952 571.8048 572.4144 573.024 573.024 571.8048 569.3664 567.5376 565.0992 562.6608 560.2224 556.5648 552.9072
657.1488 655.9296 653.4912 649.8336 646.176 641.9088 638.2512 634.5936 631.5456 628.4976 626.0592 623.6208 621.792 621.1824 621.0604 620.9386 621.1824 621.792 622.4016 623.0112 624.2304 626.0592 626.6688 627.2784 627.2784 627.2784 626.0592 625.4496 623.6208 621.1824 618.1344 615.0864 610.8192 606.552 602.2848 598.0176 593.7504 589.4832 586.4352 582.7776 579.7296 577.2912 576.072 574.2432 573.024 571.8048 570.5856 570.5856 569.976 569.976 569.976 569.976 569.976 570.5856 571.1952 571.1952 569.976 568.1472 566.3184 564.4896 562.6608 560.2224 556.5648 552.9072
660.8064 659.5872 657.1488 653.4912 649.224 645.5664 641.2992 637.6416 633.984 630.936 627.888 625.4496 623.0112 621.1824 620.9996 620.8166 620.6948 621.1824 621.1824 621.792 623.0112 624.2304 624.84 625.4496 625.4496 625.4496 624.84 624.2304 623.0112 621.1824 618.744 615.696 612.0384 607.7712 603.504 599.2368 594.9696 590.7024 587.0448 583.9968 580.3392 578.5104 576.072 574.2432 572.4144 571.1952 570.5856 569.976 569.3664 568.7568 568.7568 568.1472 568.1472 568.1472 568.7568 568.1472 566.928 565.7088 563.88 562.0512 560.2224 558.3936 555.3456 552.2976
663.8544 663.2448 660.1968 656.5392 652.8816 648.6144 644.3472 640.6896 637.032 633.3744 630.3264 627.2784 624.2304 622.4016 621.792 621.1824 621.1824 620.5728 619.9632 619.9632 621.1824 622.4016 623.0112 623.6208 623.6208 623.6208 623.6208 623.0112 622.4016 620.5728 618.744 616.3056 612.648 608.9904 604.7232 600.456 596.1888 591.9216 588.264 585.216 581.5584 579.12 576.072 573.6336 572.4144 571.1952 569.976 569.3664 568.7568 568.1472 567.5376 566.3184 565.7088 565.7088 565.0992 565.0992 563.88 562.0512 560.2224 559.0032 557.784 555.9552 553.5168 550.4688
667.512 666.9024 663.8544 659.5872 655.9296 652.272 648.0048 643.7376 640.08 636.4224 632.7648 629.1072 626.6688 623.6208 622.4016 621.792 621.1824 620.5728 619.9632 619.6584 619.6584 620.5728 621.1824 621.792 621.792 621.792 621.792 622.4016 621.792 620.5728 618.744 616.3056 613.2576 610.2096 606.552 602.2848 597.408 593.1408 589.4832 585.8256 582.7776 579.7296 576.6816 573.6336 572.4144 571.1952 569.976 568.7568 568.1472 566.928 566.3184 565.0992 563.88 563.2704 562.6608 561.4416 560.2224 559.0032 557.1744 556.5648 555.3456 554.1264 551.688 549.2496
669.9504 669.3408 666.9024 663.2448 659.5872 655.32 651.0528 646.7856 643.128 639.4704 635.8128 632.1552 629.1072 626.0592 624.84 623.6208 623.0112 621.1824 619.9632 619.3536 619.3536 619.3536 619.9632 619.9632 619.9632 619.9632 620.5728 620.5728 620.5728 619.3536 617.5248 615.696 613.8672 611.4288 608.3808 603.504 598.6272 593.7504 590.0928 587.0448 583.3872 580.3392 577.2912 574.2432 572.4144 571.1952 569.976 568.7568 567.5376 566.3184 565.0992 563.88 562.6608 561.4416 560.2224 559.0032 557.784 555.9552 554.736 554.1264 552.9072 551.688 549.8592 547.4208
672.9984 672.3888 669.3408 666.2928 663.2448 658.9776 654.1008 649.8336 646.176 642.5184 638.8608 635.8128 632.1552 629.1072 627.2784 626.0592 624.2304 623.0112 621.1824 619.3536 618.744 618.744 618.1344 618.1344 618.744 618.744 618.744 619.3536 619.3536 618.1344 616.9152 615.0864 613.8672 612.648 610.2096 605.3328 599.8464 594.36 590.7024 587.6544 584.6064 581.5584 577.9008 575.4624 573.6336 571.8048 569.976 568.7568 567.5376 566.3184 564.4896 562.6608 560.832 559.6128 557.784 556.5648 555.3456 554.1264 552.9072 551.688 550.4688 549.2496 547.4208 546.2016
674.8272 674.2176 672.3888 669.3408 666.2928 662.0256 657.1488 652.8816 649.224 645.5664 641.9088 638.8608 635.2032 632.1552 629.7168 627.888 626.0592 624.2304 621.792 619.9632 618.744 618.1344 617.5248 616.9152 616.9152 616.9152 616.9152 617.5248 617.5248 616.3056 615.0864 614.4768 613.2576 612.648 610.8192 605.9424 599.8464 594.36 590.7024 587.6544 584.6064 582.168 579.12 576.072 574.2432 572.4144 570.5856 568.7568 567.5376 565.7088 563.88 562.0512 559.6128 557.784 555.9552 554.736 552.9072 551.688 550.4688 549.2496 548.0304 546.8112 545.592 544.3728
675.4368 674.8272 672.9984 671.1696 668.7312 664.464 660.1968 655.9296 651.6624 648.0048 644.3472 641.2992 638.2512 635.2032 632.7648 630.3264 627.888 625.4496 623.6208 621.1824 619.9632 618.744 617.5248 616.3056 615.696 615.0864 615.0864 615.0864 614.4768 613.8672 612.648 611.4288 610.8192 609.6 607.7712 602.8944 597.408 592.5312 589.4832 587.0448 584.6064 582.168 579.12 576.6816 574.8528 572.4144 570.5856 569.3664 567.5376 565.7088 563.88 561.4416 559.6128 557.1744 555.3456 552.9072 551.688 550.4688 549.2496 548.0304 546.8112 545.592 544.3728 543.1536
675.4368 674.8272 674.2176 672.3888 670.56 666.9024 663.2448 658.9776 654.7104 650.4432 646.7856 643.7376 640.6896 638.2512 635.2032 632.7648 629.7168 627.2784 624.84 623.0112 621.1824 619.3536 617.5248 615.696 614.4768 613.2576 612.648 612.0384 611.4288 610.2096 609.6 608.3808 607.1616 605.3328 603.504 599.2368 593.7504 589.4832 587.6544 585.8256 583.9968 581.5584 579.7296 577.2912 575.4624 573.024 571.1952 569.3664 568.1472 566.3184 563.88 562.0512 559.6128 557.1744 554.1264 552.2976 550.4688 549.2496 548.64 547.4208 545.592 544.3728 543.1536 541.9344
675.4368 675.4368 674.8272 674.2176 672.3888 669.3408 665.6832 662.0256 657.7584 652.8816 649.224 646.176 643.7376 641.2992 638.2512 635.2032 632.1552 629.7168 627.2784 624.84 622.4016 619.9632 618.1344 616.3056 614.4768 612.648 610.8192 609.6 608.9904 607.7712 606.552 605.9424 604.1136 602.2848 599.8464 595.5792 591.312 587.6544 585.8256 584.6064 583.3872 581.5584 579.7296 577.9008 575.4624 573.6336 571.8048 569.976 568.7568 566.928 564.4896 562.0512 559.6128 556.5648 554.1264 551.0784 549.8592 548.64 547.4208 546.2016 544.9824 543.1536 541.9344 540.7152
676.0464 676.0464 675.4368 674.2176 672.9984 670.56 667.512 663.8544 660.1968 655.9296 652.272 649.8336 647.3952 644.9568 641.9088 638.2512 635.2032 632.7648 629.7168 627.2784 624.84 622.4016 619.9632 618.1344 615.696 613.2576 611.4288 610.2096 608.3808 607.1616 605.9424 604.7232 602.8944 600.456 598.0176 594.9696 591.312 588.264 586.4352 585.216 583.3872 581.5584 579.7296 577.9008 576.072 573.6336 571.8048 569.976 568.7568 566.928 564.4896 562.6608 560.2224 557.784 554.736 551.688 550.4688 548.64 547.4208 545.592 543.7632 542.544 540.7152 539.496
676.656 676.0464 675.4368 674.8272 672.9984 671.1696 668.7312 665.6832 662.6352 658.9776 655.9296 653.4912 651.0528 648.6144 644.9568 641.9088 638.8608 635.8128 633.3744 630.936 627.888 625.4496 623.0112 620.5728 617.5248 615.0864 613.2576 611.4288 609.6 607.7712 605.9424 604.1136 602.2848 599.8464 597.408 594.9696 591.9216 589.4832 587.6544 585.8256 583.9968 581.5584 579.7296 577.9008 575.4624 573.6336 571.8048 569.976 568.1472 566.928 565.0992 563.2704 560.832 558.3936 555.9552 552.9072 551.0784 549.2496 546.8112 544.9824 543.1536 541.3248 540.1056 538.2768
677.2656 676.656 676.0464 674.8272 673.608 671.7792 669.9504 667.512 664.464 662.0256 658.9776 656.5392 654.1008 651.6624 648.6144 644.9568 641.9088 638.8608 636.4224 633.984 630.936 628.4976 625.4496 623.0112 619.9632 617.5248 615.0864 612.648 610.8192 608.9904 606.552 604.7232 602.2848 599.8464 597.408 595.5792 593.1408 591.312 588.8736 586.4352 584.6064 582.168 580.3392 578.5104 576.072 573.6336 571.8048 569.976 568.7568 566.928 565.0992 563.2704 561.4416 559.0032 556.5648 554.1264 551.688 549.2496 546.8112 544.9824 543.1536 540.7152 539.496 537.6672
677.8752 677.8752 676.656 675.4368 673.608 671.7792 669.9504 668.1216 665.6832 663.2448 660.8064 658.368 655.9296 653.4912 651.0528 647.3952 644.3472 641.9088 639.4704 637.032 633.984 631.5456 629.1072 626.0592 623.0112 619.9632 618.1344 615.696 613.8672 611.4288 608.9904 606.552 604.1136 601.6752 599.8464 597.408 595.5792 593.7504 591.312 588.8736 586.4352 583.9968 582.168 579.7296 577.2912 574.8528 572.4144 570.5856 568.7568 566.928 565.0992 563.2704 561.4416 559.0032 557.1744 554.736 552.2976 549.2496 546.8112 544.9824 542.544 540.7152 538.8864 537.0576
679.704 679.0944 677.8752 676.0464 674.2176 672.3888 670.56 668.7312 666.9024 664.464 662.0256 660.1968 657.7584 655.32 652.8816 649.8336 647.3952 644.9568 641.9088 639.4704 637.032 634.5936 632.1552 629.1072 626.0592 623.0112 621.1824 619.3536 617.5248 614.4768 612.0384 608.9904 606.552 604.1136 602.2848 600.456 598.6272 596.1888 593.7504 591.312 588.264 586.4352 583.9968 581.5584 578.5104 576.072 573.6336 571.1952 569.3664 567.5376 565.0992 563.2704 561.4416 559.0032 557.1744 554.736 552.2976 549.8592 547.4208 544.9824 542.544 540.1056 538.2768 536.448
680.9232 680.9232 679.0944 676.656 674.2176 672.9984 671.1696 669.3408 667.512 665.6832 663.8544 661.416 659.5872 657.1488 654.7104 652.272 649.8336 647.3952 644.9568 642.5184 640.08 638.2512 635.8128 632.7648 629.1072 626.0592 624.84 623.0112 621.1824 618.744 615.696 612.648 610.2096 607.7712 605.3328 603.504 601.6752 599.2368 596.7984 593.7504 591.312 588.8736 586.4352 583.3872 580.9488 577.9008 574.8528 572.4144 569.976 568.1472 565.7088 563.2704 561.4416 559.6128 557.1744 555.3456 552.9072 549.8592 547.4208 544.9824 542.544 540.1056 537.6672 535.8384
683.3616 682.752 680.3136 677.8752 675.4368 673.608 671.7792 669.9504 668.1216 666.2928 664.464 662.6352 660.8064 658.368 656.5392 654.1008 651.6624 649.8336 647.3952 645.5664 643.7376 641.9088 639.4704 637.032 633.3744 630.936 629.7168 628.4976 627.2784 624.84 621.1824 618.1344 615.696 613.2576 610.8192 608.9904 606.552 604.1136 601.0656 597.408 594.36 591.9216 589.4832 587.0448 583.9968 580.9488 577.9008 574.8528 572.4144 569.976 567.5376 565.0992 562.6608 560.832 559.0032 556.5648 553.5168 551.0784 548.0304 544.9824 542.544 539.496 537.6672 535.2288
685.1904 684.5808 682.752 679.704 676.656 674.8272 672.9984 671.1696 669.3408 667.512 665.6832 663.8544 662.0256 660.1968 657.7584 655.9296 654.1008 652.272 649.8336 648.6144 646.7856 645.5664 643.7376 641.2992 638.2512 635.8128 635.2032 635.2032 633.984 631.5456 627.888 624.84 622.4016 619.9632 617.5248 614.4768 612.0384 608.9904 605.3328 601.6752 598.0176 595.5792 593.7504 591.312 587.6544 584.6064 580.9488 577.9008 575.4624 572.4144 569.976 566.928 564.4896 562.6608 560.2224 557.784 554.736 551.688 548.0304 544.9824 542.544 539.496 537.0576 534.6192
687.6288 686.4096 683.9712 680.9232 677.8752 676.0464 673.608 671.7792 669.9504 668.1216 666.2928 664.464 663.2448 661.416 659.5872 657.7584 655.9296 654.1008 652.8816 651.0528 649.8336 649.224 648.0048 645.5664 643.128 641.2992 640.6896 640.08 639.4704 637.032 633.984 630.936 627.888 625.4496 623.0112 619.9632 616.9152 613.8672 610.2096 605.9424 602.2848 599.8464 597.408 594.9696 591.9216 587.6544 584.6064 580.9488 577.9008 574.8528 572.4144 569.3664 566.3184 563.88 562.0512 559.6128 555.9552 552.2976 549.2496 545.592 542.544 539.496 537.0576 534.6192
688.2384 687.6288 685.1904 681.5328 679.0944 676.656 674.8272 672.9984 671.1696 669.3408 667.512 666.2928 664.464 662.6352 661.416 659.5872 658.368 657.1488 655.9296 654.7104 653.4912 652.8816 651.6624 649.8336 648.0048 646.176 644.9568 643.7376 642.5184 640.08 637.032 633.984 632.1552 629.7168 627.2784 624.2304 621.1824 617.5248 614.4768 610.8192 607.1616 604.7232 601.6752 599.2368 595.5792 591.312 587.6544 584.6064 580.9488 577.9008 574.8528 571.8048 568.7568 566.3184 563.88 561.4416 557.784 554.1264 550.4688 546.8112 543.7632 540.1056 537.6672 535.2288
688.848 688.2384 685.8 682.752 679.704 677.8752 676.0464 674.8272 672.9984 671.1696 669.3408 667.512 665.6832 664.464 663.2448 662.0256 660.8064 659.5872 658.9776 657.7584 657.1488 656.5392 655.9296 654.7104 652.8816 651.0528 648.6144 646.176 644.3472 641.2992 638.8608 636.4224 635.2032 633.3744 631.5456 628.4976 624.84 621.1824 618.744 615.696 612.648 609.6 605.9424 602.8944 599.2368 594.9696 591.312 587.6544 584.6064 580.9488 577.9008 574.2432 571.1952 568.7568 566.3184 563.88 560.2224 555.9552 552.2976 548.64 544.9824 541.3248 538.8864 535.8384
