out/production/GISProjectupd/data/prjOut.txt
ncols 180
nrows 180
xllcorner 0.0
yllcorner 0.0
cellsize 20.0
NODATA_VALUE -9999.0
[rows 84 to 111 of 180, columns 0 to 63 of 180]
662.0256 662.0256 661.416 660.8064 660.1968 659.5872 659.5872 659.5872 658.368 657.1488 656.5392 655.32 654.7104 654.1008 652.272 651.0528 649.224 648.6144 648.6144 648.6144 648.0048 647.3952 646.7856 646.176 644.9568 644.3472 643.128 641.9088 640.6896 640.08 638.8608 638.2512 637.032 635.8128 634.5936 633.3744 631.5456 630.3264 629.1072 627.2784 626.0592 624.2304 622.4016 620.5728 618.1344 615.696 613.2576 611.4288 610.2096 608.9904 607.1616 604.7232 602.2848 600.456 598.0176 596.1888 594.36 592.5312 591.312 591.312 591.9216 591.9216 591.312 590.0928
663.2448 663.2448 662.6352 662.0256 661.416 660.8064 660.8064 660.8064 659.5872 658.368 657.1488 656.5392 655.9296 654.7104 653.4912 651.6624 650.4432 649.8336 649.8336 649.224 649.224 648.6144 648.0048 647.3952 646.7856 646.176 644.9568 643.7376 642.5184 641.9088 640.6896 640.08 638.8608 638.2512 637.032 635.8128 634.5936 632.7648 631.5456 629.1072 627.888 626.0592 624.84 623.0112 620.5728 618.1344 615.696 614.4768 612.648 611.4288 608.9904 606.552 604.7232 602.2848 600.456 598.6272 596.1888 594.36 593.1408 593.1408 593.7504 594.36 593.1408 591.9216
664.464 663.8544 663.8544 663.2448 662.6352 662.6352 662.6352 662.0256 661.416 660.1968 658.9776 658.368 657.1488 656.5392 655.32 653.4912 652.272 651.6624 651.0528 651.0528 650.4432 650.4432 650.4432 649.224 648.6144 648.0048 646.7856 645.5664 644.3472 643.7376 643.128 641.9088 641.2992 640.6896 639.4704 638.2512 637.032 635.2032 633.3744 631.5456 629.7168 627.888 626.6688 624.84 622.4016 619.9632 618.1344 616.9152 615.696 613.8672 612.648 610.8192 608.9904 607.1616 605.3328 603.504 601.0656 598.6272 596.7984 596.7984 596.7984 597.408 596.1888 594.36
665.0736 665.0736 665.0736 664.464 664.464 664.464 664.464 663.8544 663.2448 662.0256 661.416 660.1968 659.5872 658.368 657.1488 655.9296 654.7104 654.1008 653.4912 652.8816 652.272 652.272 652.272 651.6624 650.4432 649.8336 648.6144 647.3952 646.7856 645.5664 644.9568 644.3472 643.7376 643.128 641.9088 640.6896 639.4704 637.6416 635.8128 633.984 632.1552 630.3264 628.4976 626.6688 624.2304 621.792 619.9632 618.744 618.1344 617.5248 616.3056 615.0864 613.8672 612.0384 610.8192 609.6 607.1616 604.1136 601.6752 601.0656 601.0656 600.456 599.2368 597.408
665.6832 665.6832 665.6832 666.2928 666.2928 665.6832 665.6832 665.6832 664.464 663.8544 663.2448 662.0256 661.416 660.1968 658.9776 658.368 657.1488 655.9296 655.32 654.7104 654.7104 654.7104 654.7104 653.4912 652.8816 651.6624 650.4432 649.8336 648.6144 648.0048 646.7856 646.176 645.5664 645.5664 644.3472 643.128 641.9088 640.08 638.2512 636.4224 634.5936 632.1552 630.3264 627.888 626.0592 623.6208 621.792 621.1824 620.5728 619.9632 619.3536 618.744 617.5248 616.9152 615.696 614.4768 612.0384 608.9904 606.552 605.3328 604.1136 603.504 602.2848 600.456
665.6832 665.6832 666.2928 666.9024 667.512 667.512 666.9024 666.9024 666.2928 665.0736 664.464 663.8544 662.6352 662.0256 660.8064 660.1968 659.5872 658.368 657.7584 656.5392 656.5392 657.1488 656.5392 655.9296 654.7104 653.4912 652.272 651.6624 650.4432 649.8336 649.224 648.6144 648.0048 647.3952 646.7856 645.5664 643.7376 641.9088 640.08 638.2512 636.4224 633.984 631.5456 629.7168 627.2784 625.4496 623.6208 622.4016 621.792 621.1824 620.5728 619.3536 618.744 618.1344 617.5248 616.3056 613.8672 611.4288 608.9904 608.3808 607.1616 606.552 604.7232 602.8944
665.0736 665.0736 666.2928 667.512 668.7312 668.7312 668.1216 668.1216 667.512 666.9024 666.2928 665.0736 664.464 663.8544 663.2448 662.6352 662.0256 660.8064 660.1968 658.9776 658.9776 658.9776 658.9776 657.7584 656.5392 655.32 654.1008 653.4912 652.272 651.6624 651.0528 650.4432 649.8336 649.224 648.6144 647.3952 645.5664 644.3472 641.9088 640.08 637.6416 635.8128 633.3744 630.936 629.1072 626.6688 624.2304 623.6208 622.4016 621.1824 620.5728 619.9632 618.744 618.1344 617.5248 616.9152 615.0864 613.2576 611.4288 610.8192 610.2096 609.6 607.7712 605.3328
664.7688 665.0736 666.2928 668.1216 669.9504 669.9504 669.3408 669.3408 668.7312 668.1216 667.512 666.9024 665.6832 665.0736 664.464 664.464 663.8544 663.2448 662.0256 661.416 661.416 660.8064 660.8064 659.5872 658.368 657.1488 655.9296 655.32 654.1008 653.4912 652.8816 652.272 651.6624 651.0528 650.4432 649.224 647.3952 646.176 643.7376 641.2992 639.4704 637.032 634.5936 632.7648 630.3264 627.888 625.4496 624.2304 623.0112 621.792 620.5728 619.9632 618.744 618.744 618.1344 617.5248 616.3056 615.0864 613.8672 613.2576 612.648 611.4288 609.6 607.7712
664.464 664.464 665.6832 668.1216 669.3408 669.9504 669.9504 669.9504 669.3408 668.7312 668.7312 668.1216 667.512 666.9024 666.2928 665.6832 665.0736 664.464 663.2448 662.6352 662.0256 662.0256 661.416 660.8064 659.5872 658.368 657.7584 656.5392 655.9296 655.32 654.1008 653.4912 652.8816 652.272 651.6624 650.4432 648.6144 646.7856 644.9568 642.5184 640.6896 638.2512 635.8128 633.3744 630.936 628.4976 626.6688 624.84 623.6208 622.4016 621.1824 619.9632 619.3536 618.744 618.1344 617.8296 616.9152 615.696 614.4768 613.8672 613.2576 612.648 610.8192 608.9904
663.8544 663.8544 665.6832 666.9024 668.7312 669.3408 669.9504 669.9504 669.9504 669.9504 669.3408 669.3408 668.7312 668.1216 667.512 666.9024 666.2928 665.6832 664.464 663.2448 662.6352 662.6352 662.0256 660.8064 660.1968 659.5872 658.9776 658.368 657.1488 656.5392 655.9296 655.32 654.1008 653.4912 652.272 651.0528 649.224 648.0048 645.5664 643.7376 641.2992 639.4704 637.032 634.5936 632.1552 629.7168 627.2784 625.4496 624.2304 622.4016 621.1824 619.9632 619.3536 618.744 618.1344 618.1344 617.5248 616.3056 615.696 614.4768 613.8672 613.2576 611.4288 610.2096
663.2448 663.2448 665.0736 666.2928 668.1216 669.3408 669.9504 670.56 670.56 670.56 670.56 670.56 669.9504 669.9504 669.3408 668.1216 667.512 666.2928 665.6832 664.464 663.8544 662.6352 662.0256 661.416 660.8064 660.8064 660.1968 659.5872 658.9776 657.7584 657.1488 656.5392 655.32 654.7104 653.4912 651.6624 650.4432 648.6144 646.7856 644.3472 642.5184 640.08 637.6416 635.2032 632.7648 630.3264 627.888 626.0592 624.84 623.0112 621.792 620.5728 619.3536 618.744 618.744 618.1344 617.5248 616.9152 616.3056 615.696 614.4768 613.8672 612.648 611.4288
662.6352 662.6352 664.464 666.2928 667.512 668.7312 669.9504 670.56 671.1696 671.1696 671.1696 671.1696 670.56 670.56 669.9504 669.3408 668.1216 667.512 666.2928 665.0736 664.464 663.2448 662.6352 662.0256 661.416 661.416 660.8064 660.1968 659.5872 658.9776 658.368 657.1488 656.5392 655.32 654.1008 652.8816 651.0528 649.224 647.3952 644.9568 642.5184 640.6896 638.2512 635.8128 633.3744 630.936 628.4976 626.6688 625.4496 623.6208 622.4016 621.1824 619.9632 619.3536 619.3536 618.744 618.1344 617.5248 616.9152 616.3056 615.696 615.0864 613.8672 612.648
662.0256 662.0256 663.8544 665.6832 667.512 668.7312 669.9504 671.1696 671.7792 671.7792 671.7792 671.7792 671.7792 671.1696 670.56 669.9504 669.3408 668.1216 666.9024 666.2928 665.0736 663.8544 663.2448 662.6352 662.0256 661.416 661.416 660.8064 660.1968 659.5872 658.9776 658.368 657.1488 655.9296 654.7104 653.4912 651.6624 649.8336 648.0048 645.5664 643.128 640.6896 638.2512 635.8128 633.3744 630.936 629.1072 627.2784 625.4496 624.2304 623.0112 621.4872 620.5728 619.9632 619.9632 619.3536 618.744 618.1344 617.5248 616.9152 616.9152 616.3056 615.0864 613.8672
661.416 661.7208 663.2448 665.0736 667.512 668.7312 670.56 671.7792 671.7792 672.3888 672.3888 672.3888 672.3888 672.3888 671.7792 670.56 669.9504 668.7312 668.1216 666.9024 665.6832 665.0736 663.8544 663.2448 662.6352 662.0256 662.0256 660.8064 660.8064 660.1968 659.5872 658.9776 657.7584 656.5392 655.9296 654.1008 652.8816 651.0528 648.6144 645.5664 643.128 640.6896 638.8608 636.4224 633.984 631.5456 629.7168 627.888 626.0592 625.4496 624.84 622.7064 621.1824 620.5728 620.5728 619.9632 619.3536 618.744 618.1344 618.1344 617.5248 617.5248 616.3056 615.0864
661.2942 661.416 663.2448 665.0736 667.512 669.3408 670.56 671.7792 672.3888 672.9984 673.608 673.608 673.608 673.608 672.9984 671.7792 671.1696 669.9504 668.7312 667.512 666.9024 665.6832 664.464 663.8544 663.2448 662.6352 662.6352 661.416 661.1112 660.5016 659.5872 658.9776 657.7584 657.1488 655.9296 654.7104 653.4912 651.6624 649.224 646.176 643.7376 641.2992 638.2512 635.8128 633.984 631.5456 629.7168 625.4496 625.3886 625.3276 624.84 623.0112 622.4016 621.792 621.1824 620.5728 619.9632 619.3536 618.744 618.744 618.1344 618.1344 617.5248 616.3056
661.1112 661.416 663.2448 665.6832 667.512 669.3408 670.56 671.7792 672.9984 674.2176 674.8272 674.8272 674.8272 674.8272 673.608 673.608 672.3888 671.1696 670.56 668.7312 667.512 666.8414 665.6832 664.464 663.8544 663.2448 663.2448 662.0256 661.416 660.8064 659.5872 658.9776 658.368 657.1488 656.5392 655.32 654.1008 652.8816 649.8336 646.7856 643.7376 641.2992 638.2512 635.8128 633.984 631.5456 630.3264 625.4496 625.3886 625.4496 625.4496 623.6208 623.0112 622.4016 621.792 621.1824 620.5728 619.9632 619.3536 619.3536 619.3536 618.744 618.1344 617.5248
660.8064 661.416 663.2448 665.6832 668.1216 669.3408 671.1696 672.3888 673.608 674.8272 675.4368 676.0464 676.0464 675.4368 674.8272 674.2176 672.9984 671.7792 670.56 669.3408 668.1216 667.512 666.2928 665.6832 664.464 663.8544 664.1592 662.6352 660.8064 660.5016 659.5872 658.9776 658.368 657.7584 656.5392 655.9296 654.7104 653.4912 651.0528 648.0048 644.9568 641.9088 638.8608 635.8128 633.984 632.1552 630.3264 629.1072 627.827 626.6688 625.4496 624.84 623.6208 623.0112 622.4016 621.792 621.1824 620.5728 619.9632 619.9632 619.9632 619.9632 619.3536 618.744
660.5016 662.0256 663.8544 665.6832 668.1216 669.9504 671.1696 672.9984 674.2176 675.4368 676.0464 676.0464 676.0464 676.0464 675.4368 674.2176 673.608 672.3888 671.1696 669.9504 668.7312 668.1216 666.9024 666.2928 665.0736 664.464 664.464 662.6352 661.416 660.8064 660.8064 660.1968 658.9776 658.368 657.7584 656.5392 655.9296 654.7104 652.272 649.224 646.176 643.128 640.08 637.032 635.2032 633.3744 631.5456 629.7168 628.4976 627.2784 626.6688 626.0592 624.84 624.2304 623.6208 623.0112 622.4016 621.792 621.1824 621.1824 621.1824 620.5728 619.9632 619.3536
660.1968 662.6352 663.8544 666.2928 668.1216 669.9504 671.7792 672.9984 674.2176 675.4368 676.656 676.656 676.656 676.0464 675.4368 674.8272 674.2176 672.9984 671.7792 670.56 669.3408 668.7312 667.512 666.9024 665.6832 665.0736 664.464 663.2448 662.6352 662.0256 661.416 660.8064 660.1968 659.5872 658.9776 657.7584 656.5392 655.32 652.8816 650.4432 648.0048 644.9568 641.9088 638.8608 636.4224 633.984 632.1552 630.936 629.7168 629.1072 627.888 627.2784 626.6688 626.0592 625.4496 624.84 624.2304 623.6208 623.0112 622.4016 621.792 621.792 621.1824 620.5728
659.892 662.0256 663.8544 665.6832 668.1216 669.9504 671.7792 673.608 674.8272 676.0464 676.656 677.2656 676.656 676.656 676.0464 675.4368 674.8272 673.608 672.3888 671.1696 669.9504 668.7312 668.1216 667.512 666.2928 665.6832 665.0736 663.8544 663.2448 662.6352 662.6352 662.0256 661.416 660.8064 660.1968 658.9776 657.7584 656.5392 654.1008 651.6624 649.224 646.176 643.7376 640.6896 638.2512 635.2032 633.3744 632.1552 630.936 630.3264 629.7168 628.4976 627.888 627.2784 626.6688 626.0592 625.4496 624.84 624.2304 623.6208 623.0112 622.4016 621.792 621.1824
659.5872 661.416 662.6352 665.0736 666.9024 669.3408 671.1696 672.9984 674.8272 676.0464 676.656 677.2656 676.595 676.656 676.0464 675.4368 674.8272 673.608 672.3888 671.1696 670.56 669.3408 668.7312 668.1216 667.512 666.9024 666.2928 665.0736 664.464 664.464 663.8544 663.2448 662.6352 662.0256 660.8064 659.5872 658.368 657.1488 654.7104 652.272 649.8336 647.3952 644.3472 641.2992 638.8608 636.4224 634.5936 633.3744 632.1552 631.5456 630.3264 629.7168 629.1072 628.4976 627.888 627.2784 626.6688 626.0592 624.84 624.2304 623.6208 623.0112 622.4016 621.792
658.9776 658.9776 660.8064 663.8544 665.6832 668.1216 670.56 672.3888 674.2176 675.4368 676.656 676.3512 677.2656 676.656 676.656 676.0464 675.4368 674.2176 672.9984 671.7792 670.56 669.9504 668.7312 668.7312 668.1216 667.512 666.9024 666.9024 666.2928 665.6832 665.0736 664.464 663.8544 662.6352 662.0256 660.8064 658.9776 657.7584 655.32 652.8816 650.4432 647.3952 644.9568 642.5184 640.08 637.6416 635.8128 634.5936 633.3744 632.1552 631.5456 630.936 630.936 630.3264 629.1072 628.4976 627.888 626.6688 626.0592 624.84 624.2304 623.0112 622.4016 621.792
657.1488 657.1488 659.5872 662.0256 665.0736 667.512 669.9504 671.7792 673.608 674.8272 676.0464 676.656 676.656 676.656 676.656 676.0464 675.4368 674.2176 672.9984 671.7792 671.1696 669.9504 669.3408 669.3408 668.7312 668.7312 668.1216 668.1216 667.512 666.9024 666.9024 666.2928 665.0736 663.8544 662.6352 661.416 659.5872 658.368 655.9296 653.4912 650.4432 648.0048 645.5664 643.128 641.2992 638.8608 637.032 635.8128 633.984 633.3744 632.7648 632.1552 632.1552 631.5456 630.3264 629.7168 628.4976 627.888 626.6688 625.4496 624.84 623.6208 623.0112 622.4016
655.32 655.9296 658.368 661.416 663.8544 666.2928 668.7312 671.1696 672.9984 674.2176 676.0464 676.0464 676.656 676.656 676.0464 675.4368 674.8272 673.608 672.3888 671.1696 670.56 669.9504 669.6456 669.3408 669.3408 669.3408 669.3408 669.3408 669.3408 668.7312 668.7312 668.1216 666.9024 665.6832 664.464 662.6352 660.8064 658.9776 656.5392 654.1008 651.6624 649.224 646.7856 644.3472 641.9088 640.08 638.2512 637.032 635.2032 633.984 633.3744 633.3744 632.7648 632.1552 631.5456 630.936 629.7168 629.1072 627.888 626.6688 625.4496 624.84 623.6208 623.0112
654.7104 655.32 657.1488 660.1968 662.6352 665.6832 668.1216 670.56 671.7792 673.608 675.4368 675.4368 676.0464 676.0464 675.4368 674.8272 673.608 672.9984 671.7792 671.1696 670.56 669.9504 669.6456 669.6456 669.9504 669.9504 670.56 670.56 671.1696 670.56 670.56 669.9504 668.7312 667.512 666.2928 664.464 662.0256 660.1968 657.7584 655.32 653.4912 650.4432 648.0048 645.5664 643.128 641.2992 639.4704 637.6416 636.4224 635.2032 634.5936 634.5936 633.984 633.3744 632.7648 631.5456 630.936 629.7168 629.1072 627.888 626.6688 625.4496 624.84 624.2304
654.4666 654.7104 656.5392 659.5872 662.0256 664.464 666.9024 669.3408 671.1696 672.9984 674.8272 674.8272 675.4368 675.4368 674.8272 674.2176 672.9984 672.3888 671.1696 670.56 669.9504 669.3408 669.3408 669.3408 669.9504 670.56 671.1696 671.7792 672.3888 672.3888 671.7792 671.1696 669.9504 668.7312 667.512 665.0736 663.2448 660.8064 658.368 656.5392 654.1008 651.6624 648.6144 646.176 643.7376 641.9088 640.08 638.8608 637.6416 636.4224 635.8128 635.8128 635.2032 634.5936 633.3744 632.7648 632.1552 630.936 630.3264 629.1072 627.888 626.6688 626.0592 624.84
654.3446 654.7104 656.5392 658.9776 662.0256 664.464 666.2928 668.7312 670.56 672.3888 674.2176 674.8272 674.8272 674.8272 674.2176 673.608 672.3888 671.7792 670.56 669.9504 669.3408 668.7312 668.7312 669.3408 669.9504 669.9504 671.1696 671.7792 672.3888 672.3888 672.3888 671.7792 670.56 669.3408 667.512 665.6832 663.2448 660.8064 658.368 656.5392 654.1008 651.6624 648.6144 646.176 644.3472 642.5184 641.2992 640.08 638.8608 637.6416 637.032 636.4224 635.8128 635.2032 633.984 633.3744 632.7648 632.1552 630.936 629.7168 628.4976 627.2784 626.6688 626.0592
654.2836 654.7104 656.5392 658.9776 662.0256 663.8544 666.2928 668.1216 670.56 672.3888 673.608 674.2176 674.2176 674.2176 673.608 672.9984 672.3888 671.1696 669.9504 669.3408 668.7312 668.1216 668.1216 668.7312 669.3408 669.9504 670.56 671.7792 672.3888 672.3888 672.3888 671.7792 670.56 669.3408 667.512 665.0736 662.6352 660.1968 658.368 655.9296 653.4912 651.0528 648.6144 646.176 644.9568 643.7376 641.9088 641.2992 640.08 638.8608 638.2512 637.6416 637.032 635.8128 634.5936 633.984 633.3744 632.7648 632.1552 630.936 629.7168 628.4976 627.2784 626.6688
