out/production/GISProjectupd/data/prjOut.txt
ncols 176
nrows 116
xllcorner 786705.0
yllcorner 2479405.0
cellsize 250.0
NODATA_VALUE -9999.0
[rows 33 to 65 of 116, columns 74 to 147 of 176]
23908.76721 24163.3043 24101.817 22297.8448 22300.41174 22296.55963 22296.44342 22295.90337 24097.57866 22295.73589 22036.23104 21843.19151 21841.79695 21841.77303 21842.09432 21841.91317 21842.48739 21843.68712 21843.87853 21781.71104 23907.42735 23907.73497 23845.48545 23846.1007 23908.39123 23908.41857 23907.67003 23907.2667 22300.41174 22298.31649 24101.54014 23908.16906 23909.21156 21843.83068 22040.3771 22299.92638 22301.65932 21784.65396 22304.75604 22304.18523 21784.25405 23847.6764 24103.03724 23846.651 22300.64075 24104.05239 24103.068 24102.40832 24100.56259 22298.87021 23844.54892 21841.49958 23908.73987 23848.63003 23846.63391 23909.02356 24102.81165 22300.84925 22302.31216 23849.14274 23848.37368 24103.00306 22297.66365 22301.0304 22300.41174 22299.50254 22299.92296 23847.76869 22300.08361 22301.51918 22301.90883 22038.36389 21967.24027 21967.05912
23907.01719 24102.86633 22301.74477 22301.69691 22295.24027 22295.34281 22295.57182 23843.16804 23844.6207 23845.01377 22298.98642 21779.38679 21842.20028 21841.21589 21841.97469 21843.171 21842.95908 21842.17294 21842.85654 23910.7189 23905.83455 23908.36389 23908.0631 23908.79797 23907.98107 23904.43658 23907.2086 23907.79649 22300.8971 23845.79649 23847.94643 23848.13442 23848.95474 23844.81894 21781.83409 21781.00351 22299.42735 22039.22523 21786.1408 22301.04749 22302.19936 22301.6764 23846.7843 23849.05045 22299.25645 22302.28823 23846.41516 23848.05239 22300.77747 22301.45082 21781.61534 22299.67003 23846.66467 23847.55336 24102.75696 23846.99964 22301.60805 22302.77701 22302.10366 22305.4499 22302.45571 22300.45617 23846.21349 22301.25257 22299.91954 22301.21156 23845.68028 22300.53479 22039.51234 21845.61488 21844.45959 21844.56213 21967.8521 21967.15141
24101.26328 22299.03428 22297.58162 22295.28471 22296.86725 22300.11437 22299.15391 22298.82578 23906.76425 23845.97081 22297.48933 22296.79889 21779.08942 21842.74716 21843.36241 21841.80037 23904.69977 21841.46882 21840.99372 23905.52351 23906.21395 23905.0655 23904.27252 23904.03325 22296.05034 23910.42495 23913.96602 23908.00841 23846.56555 22298.38143 22299.20518 23846.43225 22301.90199 22301.13978 22299.23252 22300.77405 22300.26134 21781.99816 22302.36001 22300.64758 22301.57045 22301.8644 23846.66809 22299.91612 22303.2487 22304.75946 23850.01775 24104.83511 24102.56897 24102.08019 23846.49035 24104.27456 24103.93276 23846.37414 23847.62514 22303.19059 24105.1359 22301.92934 22303.67937 22306.29073 22301.66957 22299.38633 22302.13442 23846.68518 24105.58366 22303.13248 22037.81017 21781.74181 22038.07677 21845.65932 21843.74522 21844.3468 21841.57478 21967.3599
24103.39613 22300.14171 22298.92832 22298.83603 22298.80185 22299.36924 22299.35557 22299.23594 23907.76231 22036.31991 21780.20028 21841.02448 21840.44683 21840.28277 21840.39898 21840.04693 23906.96592 23907.78624 23905.41755 21840.95954 21841.81746 23905.40046 23905.70125 23906.8873 23907.16758 23847.51234 23910.48989 22300.35705 24102.54846 22300.88684 22300.08703 22302.18911 24104.25405 22300.43566 22038.41516 22301.71058 22302.94791 22301.10901 22303.1359 22301.5807 22302.64371 22039.25257 22301.068 24104.95816 22300.83899 23845.51963 23847.27308 22302.71206 22303.0607 22300.96888 22301.49867 22302.30532 22300.42883 22301.52943 22301.52601 22302.07973 22300.04943 22301.42347 22302.30874 22304.01433 23846.1588 23846.58948 22301.26283 22301.23548 23848.69156 24102.28527 22301.97035 23846.39807 22039.93959 22101.50209 21842.42587 21843.20176 21847.60417 21847.29313
22305.33369 22301.20472 22299.50596 22300.77405 22298.01912 24100.64462 22298.98984 22299.71788 21845.3346 21843.87169 21843.28379 21842.46688 21842.35751 21842.38827 21841.55427 21843.09922 21843.08896 21842.75058 21842.19003 21841.94051 23905.85164 23906.79843 24162.79502 23910.05581 23908.29894 24101.9879 24102.6134 24165.00647 24102.56213 22299.57432 22300.98255 22299.99132 22300.26476 22299.49913 21782.51428 22038.9552 22301.52259 22301.69349 22302.92056 22299.98449 22303.05387 22302.4728 22302.11733 22298.34725 24099.66707 23842.98688 23846.21691 22298.61044 22302.26772 22302.05922 22301.57045 23846.8219 22301.19105 22302.06948 22297.76961 22299.55723 22300.651 22301.61488 22302.85562 22303.0402 22300.96888 22299.9674 22300.78088 22299.64952 22300.87659 22299.27354 21780.60019 21782.7843 21783.22865 22103.01285 21844.7843 21844.73987 21843.0206 21845.87807
22302.08657 22301.27991 24101.57774 24103.49867 22301.25257 21843.41368 21781.19834 21845.80971 21846.29165 23908.9552 21841.48933 21841.50984 21840.48785 21844.21691 21842.68222 21842.62753 21843.04795 21842.75742 21845.75844 21845.24574 21842.89414 21842.85312 21843.19151 23907.92638 23909.04749 22301.21156 23847.43373 22300.79797 24103.49867 23847.30042 24103.33802 22299.75206 22302.21987 22301.49183 22301.09192 22300.46643 22303.52214 22301.33802 22301.43373 22301.22523 22304.99188 22303.26579 24104.45571 23846.12121 23844.03621 23844.91806 22299.39659 23847.31068 22301.56019 22297.11677 22303.28971 22301.31751 23844.85312 22302.36343 22298.15926 22301.8849 22299.99816 22304.09636 22304.12029 22301.75844 22300.32287 22299.69737 22298.30624 22300.60657 22299.4376 23844.93857 23843.90291 22300.69543 22040.02846 22100.09386 21846.22671 21843.83068 21843.4 21845.79262
21845.22181 23910.7189 23847.34828 24101.82384 22038.50744 21782.35021 21845.97035 21845.068 21844.02892 23909.08851 21779.72517 21782.62366 21842.77109 21846.14126 21844.77063 21842.6412 21844.03576 21842.86679 21848.53045 21844.09044 21843.70421 21846.35317 21843.81017 21843.09922 21843.38975 21846.09682 21844.44592 21844.1383 21845.69691 23848.40444 23847.57045 22301.28333 22301.56019 22300.48693 22297.274 22300.93128 22300.52795 22298.93515 22300.58948 22303.26579 22304.83124 22303.37174 22299.8546 22300.92786 23846.31945 22301.48841 22301.33118 22303.3444 24107.01923 23849.80241 22300.31603 22301.27991 22301.33802 22302.48306 22303.15983 22303.49137 22301.32777 22302.19594 22305.03632 22299.94005 22301.47132 22300.37756 22301.39955 22300.04943 22300.45275 22300.88684 24103.58754 23847.95326 23847.23206 21845.61488 21845.43373 21844.58264 21843.12656 21844.87317
21844.9928 21844.98597 23846.12462 22301.37904 22299.58116 21844.41174 21844.96546 21844.6886 21844.13146 21842.40194 21843.90929 21847.15299 21842.82578 21843.2086 21845.01673 21846.21987 21845.24574 21844.09044 21844.2716 21844.57922 21845.81654 21846.4523 21846.08998 21845.76869 21844.35363 21845.66273 21844.76721 21845.19446 21842.0533 21846.09682 21845.17737 22101.22865 22039.32777 22301.70033 22300.71594 22300.09386 22037.95714 22302.42837 22299.88194 22298.4122 22301.02356 23848.99234 24102.93469 23847.00989 24103.63197 24102.8219 24103.80629 22304.54412 22305.5456 22303.37174 22301.13978 24103.3722 24103.46107 22300.28869 22297.05524 22301.20814 22298.63778 22303.2487 22304.862 22300.4425 22298.55575 22299.80675 22300.41516 22301.06116 22300.49719 22299.33506 22300.32287 22301.59095 24105.01627 21783.77553 21845.63197 21847.51872 21846.46597 21844.86633
21844.77405 21845.09534 21844.41857 21782.14855 21781.63243 21844.07677 21846.09682 21844.2716 21847.54264 21845.00989 21845.97719 21847.11197 21842.41562 21843.20176 21843.78966 21843.71104 21844.64075 21845.94643 21845.26624 21846.94791 21847.3444 21848.028 21846.68472 21845.9225 21842.80185 22101.12952 22100.21008 21845.10218 21845.74818 21845.18079 21845.51576 22100.67834 22101.05091 21844.74329 21845.06458 21841.94735 21842.99326 21844.98255 21846.24722 23847.93617 24101.49571 23911.31022 22303.40934 24103.38587 22301.98745 22301.28333 22303.4401 24104.49673 22306.66671 22301.9977 22301.93617 22299.44102 23909.1261 22300.64758 22301.70717 22301.70375 24104.08315 22302.01137 22302.84537 22301.91225 22299.88878 22299.90587 24103.42005 22302.48306 22302.0729 22301.99086 22302.88297 22301.60121 22039.65248 21846.08657 21847.82292 21845.21156 21847.15983 21849.70625
21845.91225 21846.31899 21845.99086 21845.15003 21844.90393 21845.00306 21846.61978 21844.26818 21844.53479 21846.5856 21846.00454 21843.25986 21842.45663 21843.44102 21843.87511 21845.01331 21844.52795 21844.95178 21842.61044 21844.79797 21843.47862 21845.89174 21847.0402 21845.41322 21846.66421 21845.77553 21844.73303 21845.80971 21845.08851 21843.89903 21843.82384 21846.69497 21844.94495 21845.05433 21843.27354 21842.1661 21843.24277 21844.58606 21845.77895 23910.7189 24166.51382 23849.5905 21785.80583 21786.25701 21785.86052 23848.32583 23846.53137 24104.21303 22300.35705 22299.54356 22302.3019 21783.38929 22038.43566 21845.02698 23908.33312 24104.17202 22302.20278 22039.66957 24165.0304 24102.33654 22301.73793 22301.6764 24102.94495 21845.23206 21841.81404 24103.07141 22038.68518 22040.73941 21845.40638 21846.44888 21846.36685 21847.15983 21846.02846 21844.84241
21841.33552 21845.94643 21844.98255 21845.13636 21844.37756 21844.15539 21846.4728 21843.21201 21844.29552 21844.29211 21844.8219 21846.5104 21846.73257 21845.22865 21845.40638 21845.39271 21843.4376 21844.22375 21844.54162 21845.98745 21842.94541 21844.98938 21847.35465 21845.6183 21846.40103 21844.37414 21843.80675 21844.37414 21842.51474 21845.18079 21844.15197 21845.95326 21844.33312 21846.61636 21841.90291 21842.52841 21843.19151 21845.59779 21847.0402 21846.91373 21845.93617 21847.42985 24106.06218 22103.43327 22304.89276 22303.00602 22299.56065 24101.6837 22301.09192 21783.79945 22101.66615 21781.78624 21845.72426 21849.0329 21845.52259 21844.44934 24164.03234 21845.74477 21846.19594 21844.72961 23909.97377 22036.69589 22299.9674 22102.0729 21844.82532 21843.73497 21843.76915 21844.34338 22098.68222 21843.9674 21845.14319 21846.20278 21844.95178 21844.84583
21843.43419 21845.84389 21846.61978 21845.20472 21847.62126 21846.25063 21844.59289 21845.75502 22101.74477 21843.94005 21844.06652 21845.38929 21846.60269 21845.06458 21842.98642 21844.09728 21845.42689 21841.92684 21844.84241 21848.83807 21844.69201 21844.40148 21847.02311 21846.84879 21847.6862 21844.47326 21844.42541 21843.5128 21844.24767 21843.86485 21843.75548 21845.83022 21845.11243 21846.0934 21842.98301 21843.97765 21847.29996 21847.83659 21846.75308 21846.84537 21845.92934 21846.07973 21848.98163 21845.86782 21845.86098 21846.03188 21844.97229 21845.49867 21845.46449 21846.76334 21846.57534 21846.0934 21845.74477 21845.89174 21845.23548 21843.07187 21843.97765 21846.06606 21847.40251 21845.6183 21844.05968 21844.13488 21846.43862 23910.31899 22039.49525 24101.97081 21843.43419 21843.86485 24099.90975 24101.35557 22101.77211 21845.53968 21845.95326 21844.56213
21843.31114 21844.75696 21843.44444 21845.09876 21845.49867 21846.2438 21846.39077 21848.01433 21845.67299 21844.15197 21846.86588 21846.28481 21848.32195 21846.21987 21844.69201 21845.84389 21845.09192 21844.32629 21845.70033 21844.83899 21845.87807 21844.16222 21851.34348 21849.01239 21969.47566 21845.83363 21845.13636 21844.7467 21845.44056 21844.04601 21843.87853 21846.07631 21847.15641 21845.98403 21846.73257 21846.03188 21845.58754 21843.93663 21844.64075 21845.66957 21844.91419 21846.10366 21845.5807 21845.485 21845.25257 21845.8268 21846.60611 21845.38246 21845.38246 21844.89026 21846.80093 21845.51234 21844.84925 21845.65248 21844.28869 21844.7467 21844.73645 21845.49183 21847.01285 21845.64223 21845.39955 21844.48352 21846.93424 21844.96888 22038.62707 23843.33894 23908.71936 23907.56407 21844.72278 21846.96158 22302.34634 21783.16028 21844.7262 21842.43612
21970.44296 21845.26283 21844.36047 21843.95714 21841.54744 21845.1261 21846.44546 21847.52555 21848.56463 21847.74431 21845.20814 21847.29313 21845.95668 21845.40296 21843.61534 21845.72426 21845.76186 21844.91419 21847.35123 21845.85756 21846.60611 21846.24722 21845.74135 21846.6813 21968.94587 21969.13386 21843.3043 21845.53285 21845.60121 21844.35705 21843.97081 21844.84925 21845.98061 21842.93515 21844.82874 21845.72426 22097.69099 21843.87169 21844.29211 21845.30384 21844.78772 21846.54116 21847.24528 21845.6559 21844.96204 21845.40296 21842.97959 21847.40592 21843.53331 21844.09044 21845.83363 22102.10708 22099.69054 21843.01377 24163.18809 22099.21201 21845.5807 21845.06116 21845.10901 21844.55529 21844.66467 21844.44592 21843.87511 21844.21691 21840.50152 23846.89026 23845.07529 23909.8268 21845.85756 21847.0402 22038.7467 22300.17589 21843.6461 21844.96546
21844.8595 21844.21349 21844.69201 21844.78088 21969.22614 21843.37266 21845.67982 21847.35465 21847.2487 21846.3019 21847.87761 21849.06366 21847.19059 21842.9625 21845.61488 21845.2013 21846.70181 21846.76675 21845.53968 21844.83557 21844.69885 21846.66421 21849.50117 21847.36832 21969.7867 21844.12462 21845.17737 21844.35021 21845.13294 21845.58754 21845.04065 21843.25303 21842.87021 21840.33746 21846.28823 21848.43475 21850.87521 21843.02744 21843.72472 21840.97321 21844.95178 21846.44888 21844.63049 21845.33118 21846.04555 21843.08555 21843.25986 21845.75844 21845.67982 21843.54014 22100.06994 22100.97571 24103.26624 23907.71104 22301.97377 22300.05626 23908.51086 21844.89368 21844.22033 21840.95954 21843.40684 21843.59141 21845.32093 21844.45959 21845.53968 21842.26864 22100.92786 22101.58754 21845.97719 21846.62662 24102.91419 21782.25451 21846.60611 21848.30828
21844.50061 21844.03234 21844.23058 21845.02015 21843.88878 21843.69054 21845.36537 21845.74135 21842.1285 21847.74089 21845.51576 21845.40296 21845.17054 21844.35363 21844.89368 21844.43225 21844.63733 21844.31261 21845.13636 21844.48352 21842.15926 21843.0582 21853.10035 21853.1687 21849.45332 21847.70329 21847.35123 21846.80093 21847.13932 21843.32139 21844.5382 21845.53968 21844.6134 21844.85608 21846.18911 21845.39271 21844.80823 21845.73793 21843.9674 21847.80925 21847.05729 21846.29165 21846.58902 21844.49719 21845.8268 21844.94837 21846.68472 21844.96888 21845.34144 21844.68518 21845.81654 21847.29313 22101.53627 21844.73645 21846.50698 23847.28675 23847.98061 22300.50744 21844.84241 21844.16906 21845.79604 21846.22671 21845.65248 21844.32971 21845.55336 21846.60269 21847.56315 21846.57534 21847.01969 0.0 0.0 0.0 21846.28823 21847.51188
21843.90929 21844.32287 21844.7262 21844.63733 21845.15687 21844.45275 21844.20666 21844.66809 21845.88832 21844.85608 21843.90587 21849.01581 21844.86292 21843.03428 21844.35705 21844.41174 21843.83068 21844.30578 21845.72768 21844.35705 21844.75696 21844.05285 21846.91031 21848.97821 21848.75262 21847.94939 21848.61932 21846.3019 21845.40296 21845.62855 21846.39419 21844.92786 21844.00158 21844.97571 21847.42301 21845.30726 21843.88194 21840.22466 21842.5455 21841.26374 21846.38052 21846.30874 21847.12906 21846.99576 21843.15732 21844.75012 21847.15641 21846.29507 21847.0402 21847.14615 21845.38587 21846.17544 21845.84731 21844.76721 21846.52749 21847.82634 21844.19299 21845.48841 21844.26818 21845.20814 21843.69737 21843.42051 21843.76915 21841.64656 21847.82976 21846.14126 21846.47622 0.0 0.0 0.0 0.0 0.0 0.0 0.0
21845.61488 21844.84241 21844.74329 21845.84047 21846.02504 21846.01137 21844.234 21844.41857 21846.29165 21845.04065 21844.95862 21844.39465 21844.05285 21844.58606 21845.34828 21845.4098 21846.57876 21846.94107 21843.28037 21842.02254 21843.86827 21842.44979 21844.91419 21845.23206 21846.22329 21845.15345 21846.68814 21845.48158 21847.19401 21847.23502 21847.46403 21844.70569 21842.13534 21843.29746 21843.4376 21845.16712 21841.70467 21840.02642 21843.11289 21841.40388 21845.19105 21845.94985 21846.26772 21844.21008 21842.4327 21844.16222 21845.29359 21844.88001 21846.37368 21846.95133 21843.99132 21846.31216 21845.17737 21846.17202 21846.43179 21844.7843 21847.40592 21845.09534 21844.66467 21844.59289 21841.10309 21843.34532 21845.14319 21847.47087 0.0 0.0 0.0 0.0 0.0 0.0 0.0 0.0 0.0 0.0
21846.68814 21846.06264 21844.85608 21844.99622 21845.98745 21844.77405 21845.11585 21845.07825 21844.42541 21844.02892 21845.38246 21845.22181 21844.81506 21843.85802 21843.33164 21844.24426 21843.33848 21847.43327 21847.37174 21843.97423 21843.79991 21843.8922 21844.18957 21845.31751 21844.53137 21846.38735 21844.7262 21844.78088 21844.85266 21843.63585 21846.01137 21845.90883 21844.87317 21846.54116 21841.03473 21846.20278 21843.78624 21843.7589 21844.58948 21845.73109 21845.81313 21845.38587 21846.52066 21844.83899 21847.91521 21847.01969 21844.26476 21847.56315 21848.67743 21844.54846 22099.69395 0.0 21846.0353 21848.28436 21846.2438 21842.82578 21973.485 21843.817 21845.45423 21846.2062 21844.90735 21844.3092 21845.34144 21845.3722 0.0 0.0 0.0 0.0 0.0 0.0 0.0 0.0 0.0 0.0
21847.5529 21844.45959 21843.80675 21845.57386 21845.45423 21845.97035 21845.69691 21845.24232 21845.30384 21845.18421 21845.72768 21845.27308 21843.16758 21845.65932 21846.41128 21846.46597 21846.48306 21845.84389 21847.23844 21848.61932 21849.86006 21848.50311 21845.22181 21847.68278 21844.71936 21846.43862 21843.98449 21847.07779 21843.99474 21844.66125 21844.88684 21845.59095 21845.24232 21840.8946 21846.51382 21848.06218 21847.77507 21842.64804 21843.79308 21843.88194 21845.27308 21846.29507 21845.45765 21842.68222 21846.86588 21844.41857 21844.73303 21847.73063 21847.54606 0.0 0.0 0.0 0.0 21843.35215 0.0 0.0 0.0 22098.66855 21843.99474 21848.42449 21846.55484 0.0 0.0 0.0 0.0 0.0 0.0 0.0 0.0 0.0 0.0 0.0 0.0 0.0
21846.131 21844.77405 21845.31409 21845.39271 21843.97765 21846.08998 21845.83022 21845.40638 21846.18569 21845.07483 21846.11049 21848.15447 21849.22089 21847.33073 21844.22033 21846.81461 21847.28971 21848.01091 21849.15595 21847.25895 21844.1588 21842.6412 21843.28379 21849.70283 21846.10024 21845.2389 21847.382 21845.69008 21845.5807 21844.66467 21842.11141 21844.70911 21844.13146 21846.48648 21848.13738 21852.63891 21853.3567 21845.6764 21845.60463 21845.26966 21844.84241 21846.36685 21843.75206 21844.71936 21846.33608 21845.77211 21846.41128 21845.66615 21971.38975 0.0 0.0 0.0 0.0 0.0 0.0 0.0 0.0 0.0 21845.08167 21846.43521 21845.93617 0.0 0.0 0.0 0.0 0.0 0.0 0.0 0.0 0.0 0.0 0.0 0.0 0.0
21846.3771 21841.6534 21968.56647 21968.62799 21844.12121 21846.2062 21845.65932 21844.27843 21844.56555 21842.85654 21845.26624 21847.14957 21851.01535 21850.86838 21849.64814 21847.03678 21852.0305 21848.75604 21846.28481 21846.73257 21842.84628 21844.37756 21843.94347 21844.61682 21847.96648 21847.07779 21846.63687 21844.05285 21844.77063 21844.60315 21844.37072 21845.07141 21841.29109 21844.25451 21844.67151 21846.14467 21844.69201 21845.7516 21843.83751 21844.97913 21844.00841 21845.92934 21840.93903 21845.44398 21845.12269 21846.23354 0.0 0.0 0.0 0.0 0.0 0.0 0.0 0.0 0.0 0.0 0.0 0.0 0.0 0.0 0.0 0.0 0.0 0.0 0.0 0.0 0.0 0.0 0.0 0.0 0.0 0.0 0.0 0.0
21846.42153 21844.68176 21845.37904 21845.02356 21969.26716 21969.11335 21843.60509 21844.66809 21846.39419 21845.23206 21847.36491 21848.71502 21847.61784 21845.95668 21844.92786 21844.59973 21845.18079 21845.21839 21845.30042 21845.84731 21845.85756 21846.66421 21846.15151 21845.03382 21845.9977 21846.97525 21848.21258 21844.67151 21846.68814 21844.07335 21843.99474 21845.40638 21844.14513 21847.35465 21843.76915 21844.80823 21846.0934 21844.95178 21845.60121 21847.12223 21846.26431 21846.69497 21843.79308 21849.57978 21848.62274 0.0 0.0 0.0 0.0 0.0 0.0 0.0 0.0 0.0 0.0 0.0 0.0 0.0 0.0 0.0 0.0 0.0 0.0 0.0 0.0 0.0 0.0 0.0 0.0 0.0 0.0 0.0 0.0 0.0
21846.83853 21845.51234 21846.70865 21846.965 21845.83705 21844.97229 21845.13636 21844.67492 21847.62126 21846.29165 21847.2487 21845.04749 21845.13978 0.0 0.0 0.0 21843.27012 21973.58412 21845.79604 21845.13978 21845.55336 21846.0353 21845.97719 21843.80675 21846.07973 21844.55871 21849.11493 21845.90199 21844.46643 21843.94347 21844.32287 21844.79797 21846.06948 21844.48352 21845.21156 21845.35511 21846.01137 21844.38439 21843.8922 21846.29848 21844.5177 21845.49525 21847.84685 21849.53193 21848.05193 0.0 0.0 0.0 0.0 0.0 0.0 0.0 0.0 0.0 0.0 0.0 0.0 0.0 0.0 0.0 0.0 0.0 0.0 0.0 0.0 0.0 0.0 0.0 0.0 0.0 0.0 0.0 0.0 0.0
21846.66763 21846.131 21845.95668 21846.54458 21846.27456 21844.08703 21970.33358 21845.068 21848.44842 21847.48454 21845.46791 21844.53479 21845.84731 0.0 0.0 0.0 0.0 21845.40638 21844.3673 21845.38587 21845.23548 21845.77895 21846.19594 21848.29803 21843.56407 21845.37562 21843.91271 21846.71548 21846.23696 21842.12508 21844.73303 21846.17885 21843.82726 21844.10412 21846.49673 21844.97913 21843.08213 21843.64268 21844.47326 21845.2765 21846.05922 21848.35613 21847.94939 21848.08611 21846.69156 0.0 0.0 0.0 0.0 0.0 0.0 0.0 0.0 0.0 0.0 0.0 0.0 0.0 0.0 0.0 0.0 0.0 0.0 0.0 0.0 0.0 0.0 0.0 0.0 0.0 0.0 0.0 0.0 0.0
21847.48796 21847.24186 21846.38394 21846.53433 21846.10366 21846.965 21846.28823 21844.2716 21844.20324 0.0 0.0 0.0 0.0 0.0 0.0 0.0 0.0 0.0 0.0 21845.09192 21843.88536 21843.75206 21844.40832 21844.03576 21845.60463 21845.77553 21846.38735 21846.12417 21845.18421 21844.6134 21845.80287 21844.22375 21844.4049 21844.3092 21846.57193 21844.3468 21842.55234 21844.22717 21844.72961 21846.00454 21846.00112 21846.13442 21848.59881 21848.33221 21971.30772 0.0 0.0 0.0 0.0 0.0 0.0 0.0 0.0 0.0 0.0 0.0 0.0 0.0 0.0 0.0 0.0 0.0 0.0 0.0 0.0 0.0 0.0 0.0 0.0 0.0 0.0 0.0 0.0 0.0
0.0 0.0 0.0 22098.58993 21842.73007 0.0 0.0 0.0 0.0 0.0 0.0 0.0 0.0 0.0 0.0 0.0 0.0 0.0 0.0 0.0 0.0 21844.74329 21844.1007 21844.7467 21844.24426 21845.63539 21845.87807 21843.79991 21843.90929 21844.75012 21846.26089 21843.97081 21844.9176 21844.61682 21845.99086 21844.60998 21843.84435 21840.40924 21844.5758 21847.79558 21845.36537 21843.70421 21846.5856 21846.44204 0.0 0.0 0.0 0.0 0.0 0.0 0.0 0.0 0.0 0.0 0.0 0.0 0.0 0.0 0.0 0.0 0.0 0.0 0.0 0.0 0.0 0.0 0.0 0.0 0.0 0.0 0.0 0.0 0.0 0.0
0.0 0.0 0.0 0.0 0.0 0.0 0.0 0.0 0.0 0.0 0.0 0.0 0.0 0.0 0.0 0.0 0.0 0.0 0.0 0.0 0.0 0.0 0.0 21844.96888 21844.06994 21841.76961 21841.54744 21845.2389 21845.27991 21843.58458 21844.83557 21845.0304 21845.57386 21844.21008 21843.77257 21844.22033 21844.38098 21846.27798 21848.85175 21847.27946 0.0 0.0 0.0 0.0 0.0 0.0 0.0 0.0 0.0 0.0 0.0 0.0 0.0 0.0 0.0 0.0 0.0 0.0 0.0 0.0 0.0 0.0 0.0 0.0 0.0 0.0 0.0 0.0 0.0 0.0 0.0 0.0 0.0 0.0
0.0 0.0 0.0 0.0 0.0 0.0 0.0 0.0 0.0 0.0 0.0 0.0 0.0 0.0 0.0 0.0 0.0 0.0 0.0 0.0 0.0 0.0 0.0 0.0 0.0 21843.46153 21969.39705 21844.08703 21845.46791 21846.131 21846.27456 21845.24915 21844.91419 21845.67299 21846.76334 21844.75696 21845.49183 21845.43373 21846.19594 0.0 0.0 0.0 0.0 0.0 0.0 0.0 0.0 0.0 0.0 0.0 0.0 0.0 0.0 0.0 0.0 0.0 0.0 0.0 0.0 0.0 0.0 0.0 0.0 0.0 0.0 0.0 0.0 0.0 0.0 0.0 0.0 0.0 0.0 0.0
0.0 0.0 0.0 0.0 0.0 0.0 0.0 0.0 0.0 0.0 0.0 0.0 0.0 0.0 0.0 0.0 0.0 0.0 0.0 0.0 0.0 0.0 0.0 0.0 0.0 21844.14171 21842.24129 21845.17737 21970.95566 21845.56361 21842.79843 21843.49913 21844.28527 21843.84435 21843.4752 21843.35557 21844.13488 21845.5431 0.0 0.0 0.0 0.0 0.0 0.0 0.0 0.0 0.0 0.0 0.0 0.0 0.0 0.0 0.0 0.0 0.0 0.0 0.0 0.0 0.0 0.0 0.0 0.0 0.0 0.0 0.0 0.0 0.0 0.0 0.0 0.0 0.0 0.0 0.0 0.0
0.0 0.0 0.0 0.0 0.0 0.0 0.0 0.0 0.0 0.0 0.0 0.0 0.0 0.0 0.0 0.0 0.0 0.0 0.0 0.0 0.0 0.0 0.0 0.0 0.0 0.0 21844.41857 21846.9274 21845.08167 21845.89858 21844.89026 21846.19936 21845.79262 21845.98403 21844.42199 21843.84093 21844.05626 0.0 0.0 0.0 0.0 0.0 0.0 0.0 0.0 0.0 0.0 0.0 0.0 0.0 0.0 0.0 0.0 0.0 0.0 0.0 0.0 0.0 0.0 0.0 0.0 0.0 0.0 0.0 0.0 0.0 0.0 0.0 0.0 0.0 0.0 0.0 0.0 0.0
0.0 0.0 0.0 0.0 0.0 0.0 0.0 0.0 0.0 0.0 0.0 0.0 0.0 0.0 0.0 0.0 0.0 0.0 0.0 0.0 0.0 0.0 0.0 0.0 0.0 0.0 21845.10901 21846.19253 21846.17202 21847.86736 21847.07096 21847.48454 21846.50015 21845.62855 21846.21987 21845.1056 21844.48693 0.0 0.0 0.0 0.0 0.0 0.0 0.0 0.0 0.0 0.0 0.0 0.0 0.0 0.0 0.0 0.0 0.0 0.0 0.0 0.0 0.0 0.0 0.0 0.0 0.0 0.0 0.0 0.0 0.0 0.0 0.0 0.0 0.0 0.0 0.0 0.0 0.0
0.0 0.0 0.0 0.0 0.0 0.0 0.0 0.0 0.0 0.0 0.0 0.0 0.0 0.0 0.0 0.0 0.0 0.0 0.0 0.0 0.0 0.0 0.0 0.0 0.0 0.0 0.0 0.0 22098.0328 22099.0206 21846.37026 21848.25701 21846.43521 21845.02015 21845.34828 21845.83705 21844.79114 0.0 0.0 0.0 0.0 0.0 0.0 0.0 0.0 0.0 0.0 0.0 0.0 0.0 0.0 0.0 0.0 0.0 0.0 0.0 0.0 0.0 0.0 0.0 0.0 0.0 0.0 0.0 0.0 0.0 0.0 0.0 0.0 0.0 0.0 0.0 0.0 0.0
