out/production/GISProjectupd/data/prjOut.txt
ncols 180
nrows 180
xllcorner 0.0
yllcorner 0.0
cellsize 20.0
NODATA_VALUE -9999.0
[rows 140 to 167 of 180, columns 0 to 63 of 180]
596.1888 597.408 602.8944 609.6 615.0864 619.3536 623.0112 626.6688 630.936 634.5936 637.6416 640.08 641.9088 643.7376 644.9568 646.176 647.3952 648.0048 649.224 650.4432 650.4432 650.4432 650.4432 650.4432 649.8336 649.224 648.0048 646.7856 645.5664 644.3472 643.7376 642.5184 641.9088 641.2992 640.08 639.4704 639.4704 638.8608 637.6416 636.4224 635.8128 634.5936 633.3744 632.1552 630.936 629.1072 627.888 626.6688 625.4496 624.2304 623.0112 622.4016 621.1824 620.5728 619.9632 618.744 618.1344 616.9152 616.3056 613.8672 612.0384 609.6 606.552 603.504
591.312 592.5312 597.408 603.504 609.6 614.4768 618.744 623.0112 626.6688 630.3264 633.984 636.4224 639.4704 641.2992 643.128 644.3472 644.9568 646.176 647.3952 648.6144 648.6144 648.6144 648.6144 648.6144 648.0048 647.3952 646.7856 645.5664 644.3472 643.7376 643.128 642.5184 641.9088 641.2992 640.6896 640.08 639.4704 638.8608 638.2512 637.6416 636.4224 635.2032 634.5936 632.7648 631.5456 629.7168 627.888 626.6688 625.4496 624.2304 623.0112 621.792 621.1824 620.5728 619.3536 618.744 617.5248 616.3056 615.0864 612.648 610.2096 608.3808 605.9424 603.504
587.6544 588.264 593.1408 598.6272 604.1136 609.6 613.8672 618.744 622.4016 626.0592 629.7168 633.3744 636.4224 639.4704 640.6896 641.9088 643.128 644.3472 645.5664 646.7856 646.7856 647.3952 647.3952 646.7856 646.7856 646.176 645.5664 644.3472 643.7376 643.128 642.5184 641.9088 641.2992 641.2992 640.6896 640.3848 640.08 639.4704 638.8608 638.2512 637.6416 636.4224 635.2032 633.984 632.1552 630.3264 628.4976 627.2784 626.0592 624.2304 623.0112 621.792 620.5728 619.9632 619.3536 618.744 616.9152 615.696 613.8672 612.0384 609.6 607.1616 605.3328 603.504
585.8256 586.4352 590.0928 594.9696 599.8464 604.7232 610.2096 615.0864 619.3536 623.0112 626.6688 630.3264 633.3744 635.8128 637.6416 639.4704 641.2992 642.5184 643.128 644.3472 644.9568 644.9568 645.5664 645.5664 644.9568 644.3472 644.3472 643.7376 643.128 642.5184 641.9088 641.2992 641.2992 640.6896 640.6896 640.3848 640.08 639.4704 639.4704 638.8608 638.2512 637.032 635.8128 634.5936 633.3744 631.5456 629.7168 627.888 626.6688 624.84 623.6208 621.792 620.5728 619.9632 619.3536 618.744 616.9152 615.696 613.8672 612.0384 609.6 607.1616 605.3328 604.1136
584.6064 585.216 588.264 591.9216 596.1888 601.0656 605.9424 611.4288 615.696 619.9632 624.2304 627.2784 629.7168 632.1552 634.5936 637.032 638.8608 640.08 641.2992 641.9088 642.5184 643.128 643.7376 643.7376 643.128 643.128 642.5184 642.5184 641.9088 641.9088 641.2992 640.6896 640.6896 640.6896 640.08 640.08 640.08 640.08 639.4704 639.4704 638.8608 637.6416 636.4224 635.2032 633.984 632.1552 630.3264 629.1072 627.2784 625.4496 623.6208 622.4016 621.1824 620.5728 619.3536 618.744 617.5248 615.696 613.8672 612.0384 610.2096 607.7712 605.9424 604.1136
583.9968 584.6064 586.4352 589.4832 592.5312 597.408 602.8944 607.7712 612.648 616.9152 621.1824 624.2304 626.0592 629.1072 631.5456 634.5936 637.032 638.2512 638.8608 639.4704 640.08 641.2992 641.9088 641.9088 641.9088 641.2992 641.2992 641.2992 641.2992 640.6896 640.6896 640.3848 640.3848 640.3848 640.019 640.019 640.019 640.08 640.08 639.4704 638.8608 638.2512 637.6416 636.4224 634.5936 633.3744 631.5456 629.7168 627.888 626.0592 624.84 623.0112 621.792 620.5728 619.3536 618.744 617.5248 615.696 614.4768 612.0384 610.2096 607.7712 605.9424 604.1136
582.7776 583.3872 585.8256 588.264 591.312 595.5792 599.8464 604.1136 608.9904 613.2576 617.5248 620.5728 623.0112 625.4496 628.4976 631.5456 633.984 635.2032 636.4224 637.032 638.2512 638.8608 639.4704 640.08 640.08 640.08 640.6896 640.6896 640.6896 640.6896 640.4458 640.3238 640.3238 640.3238 640.019 639.9582 639.9582 640.019 640.08 640.08 639.4704 638.8608 638.2512 637.032 635.8128 633.984 632.7648 630.936 629.1072 627.2784 625.4496 624.2304 622.4016 621.1824 619.9632 619.3536 617.5248 616.3056 614.4768 612.0384 610.2096 607.7712 605.9424 604.1136
582.7166 582.7776 584.6064 587.6544 590.7024 593.7504 597.408 601.0656 605.3328 609.6 613.2576 616.3056 619.3536 622.4016 625.4496 628.4976 630.936 632.1552 633.3744 634.5936 635.8128 637.032 637.6416 638.2512 638.8608 639.4704 639.4704 640.08 640.08 640.08 640.202 640.202 640.202 640.202 640.019 639.9582 639.897 639.9582 640.019 640.08 639.4704 639.4704 638.8608 637.6416 636.4224 635.2032 633.3744 631.5456 630.3264 628.4976 626.6688 624.84 623.6208 621.792 620.5728 619.3536 618.1344 616.3056 614.4768 612.0384 609.6 607.1616 605.3328 604.1136
582.6558 582.7166 583.9968 587.0448 590.0928 592.5312 595.5792 598.6272 602.2848 605.9424 609.6 613.2576 616.3056 619.3536 622.4016 624.84 627.2784 629.1072 630.936 632.1552 633.3744 634.5936 635.8128 636.4224 637.6416 638.2512 638.8608 639.4704 639.4704 640.08 640.08 640.08 640.08 640.08 639.7752 639.7752 639.7752 639.8362 639.897 640.08 640.08 639.4704 639.4704 638.8608 637.032 635.8128 634.5936 632.7648 630.936 629.7168 627.888 626.0592 624.2304 623.0112 621.1824 619.9632 618.1344 616.3056 614.4768 612.0384 609.6 607.1616 605.3328 604.1136
582.5948 582.5948 583.9968 587.0448 590.0928 592.5312 594.9696 597.408 600.456 604.1136 607.7712 610.8192 613.8672 616.9152 619.3536 622.4016 624.84 626.6688 627.888 629.7168 630.936 632.1552 633.3744 634.5936 635.8128 637.032 637.6416 638.2512 638.8608 638.8608 638.8608 639.4704 639.4704 639.4704 639.4704 639.6534 639.6534 639.7142 639.7142 639.7142 640.08 640.08 639.4704 638.8608 637.6416 636.4224 635.2032 633.3744 632.1552 630.3264 628.4976 626.6688 624.84 623.0112 621.792 619.9632 618.744 616.9152 615.696 613.2576 610.8192 608.3808 606.552 604.1136
582.4118 582.4728 584.6064 587.0448 589.4832 591.9216 594.36 597.408 599.8464 602.8944 605.9424 608.9904 611.4288 614.4768 616.9152 619.3536 621.792 623.6208 625.4496 627.2784 628.4976 630.3264 631.5456 632.7648 634.5936 635.8128 636.4224 637.032 637.6416 637.6416 638.2512 638.2512 638.8608 638.8608 639.4704 639.4704 639.5922 639.6534 639.6534 639.7752 639.7142 640.08 639.4704 638.8608 638.2512 637.032 635.8128 633.984 632.7648 630.936 629.1072 627.2784 624.84 623.6208 621.792 620.5728 619.3536 618.1344 616.9152 614.4768 613.2576 612.2822 610.2096 605.9424
582.3508 582.7776 584.6064 587.0448 589.4832 591.9216 594.36 596.7984 599.2368 601.6752 604.1136 607.1616 609.6 612.0384 614.4768 616.9152 618.744 621.1824 623.0112 624.84 626.0592 627.888 629.1072 630.936 632.7648 634.5936 635.2032 635.8128 636.4224 636.4224 637.032 637.6416 637.6416 638.2512 638.8608 638.8608 639.4704 639.5922 639.6534 639.6534 639.5922 640.08 639.4704 639.4704 638.2512 637.032 635.8128 634.5936 632.7648 631.5456 629.1072 627.2784 625.4496 623.6208 621.792 620.5728 619.3536 618.744 617.5248 615.696 613.2576 612.648 612.648 608.3808
582.29 582.7776 584.6064 587.0448 589.4832 591.312 593.7504 595.5792 598.0176 600.456 602.8944 605.3328 607.7712 610.2096 612.0384 614.4768 616.3056 618.744 620.5728 622.4016 624.2304 625.4496 627.2784 629.1072 630.936 632.7648 633.3744 633.984 634.5936 635.2032 635.8128 636.4224 637.032 637.032 637.6416 638.2512 638.8608 639.4704 639.5314 639.5922 639.5314 639.5922 639.5314 639.4704 638.2512 637.032 635.8128 634.5936 632.7648 630.936 629.1072 626.6688 624.84 623.0112 621.792 619.9632 619.3536 618.1344 617.5248 615.696 614.4768 612.0384 610.2096 607.7712
582.229 582.7776 584.6064 586.4352 588.8736 590.7024 593.1408 594.9696 596.7984 599.2368 601.6752 604.1136 605.9424 608.3808 610.2096 612.0384 614.4768 616.3056 618.1344 619.9632 621.792 623.6208 624.84 626.6688 629.1072 630.3264 631.5456 632.1552 633.3744 633.984 634.5936 635.2032 635.8128 635.8128 636.4224 637.032 638.2512 638.8608 639.4704 639.4704 639.5314 639.5314 639.4704 639.4704 638.2512 637.032 635.8128 633.984 632.1552 630.936 628.4976 626.6688 624.2304 622.4016 621.1824 619.3536 618.744 617.5248 616.9152 616.3056 615.0864 613.8672 612.0384 608.3808
582.168 582.168 583.9968 586.4352 588.8736 590.0928 591.9216 593.7504 596.1888 598.0176 600.456 602.2848 604.7232 606.552 608.3808 610.2096 612.0384 613.8672 615.696 617.5248 619.3536 621.1824 623.0112 624.84 626.6688 628.4976 629.7168 630.3264 631.5456 632.1552 632.7648 633.984 634.5936 634.5936 635.2032 636.4224 637.6416 638.8608 638.8608 639.4704 639.4704 639.4704 639.4704 638.8608 638.2512 637.032 635.8128 633.984 632.1552 630.3264 627.888 626.0592 623.6208 622.4016 620.5728 619.3536 618.1344 617.5248 616.6104 616.3056 615.696 615.0864 613.8672 608.9904
581.5584 581.5584 583.3872 585.8256 587.6544 589.4832 590.7024 592.5312 594.36 596.7984 598.6272 600.456 602.2848 604.1136 605.9424 607.7712 609.6 610.8192 612.648 614.4768 616.9152 619.3536 621.1824 623.6208 625.4496 627.2784 628.4976 629.1072 629.7168 630.936 631.5456 632.1552 633.3744 633.984 634.5936 635.8128 637.032 638.2512 638.8608 638.8608 638.8608 638.8608 638.8608 638.8608 637.6416 636.4224 635.2032 633.3744 631.5456 629.7168 627.2784 625.4496 623.0112 621.792 619.9632 618.744 618.1344 616.9152 616.6104 616.3056 615.696 615.696 615.0864 613.8672
580.3392 580.9488 582.7776 584.6064 586.4352 588.264 590.0928 591.312 593.1408 594.9696 596.7984 598.6272 600.456 601.6752 603.504 605.3328 606.552 608.3808 609.6 611.4288 614.4768 616.9152 619.3536 621.792 624.2304 626.0592 626.6688 627.2784 627.888 629.1072 629.7168 630.936 631.5456 632.7648 633.984 635.2032 636.4224 637.6416 638.2512 638.2512 638.8608 638.2512 638.2512 638.2512 637.032 635.8128 634.5936 632.7648 630.936 629.1072 627.2784 624.84 623.0112 621.1824 619.9632 618.744 618.1344 617.5248 616.9152 616.3056 616.0008 615.696 615.696 615.0864
579.7296 579.7296 581.5584 583.3872 585.216 587.0448 588.264 590.0928 591.9216 593.7504 595.5792 596.7984 598.0176 599.2368 601.0656 602.8944 604.1136 605.9424 607.1616 608.9904 612.0384 615.0864 618.1344 620.5728 623.0112 624.84 625.4496 626.0592 626.6688 627.2784 628.4976 629.1072 630.3264 631.5456 632.7648 633.984 635.8128 637.032 637.6416 637.6416 638.2512 638.2512 637.6416 637.6416 636.4224 635.2032 633.984 632.1552 630.3264 628.4976 626.6688 624.2304 622.4016 621.1824 619.9632 618.744 618.1344 617.5248 616.9152 616.3056 616.3056 616.0008 616.3056 616.3056
577.2912 577.9008 579.7296 582.168 583.9968 585.8256 587.0448 588.264 590.0928 591.9216 593.7504 595.5792 596.1888 598.0176 599.2368 600.456 602.2848 604.1136 605.9424 607.7712 610.8192 613.8672 616.9152 619.3536 621.1824 623.0112 623.6208 624.2304 624.84 626.0592 626.6688 627.888 629.1072 630.3264 631.5456 633.3744 634.5936 636.4224 637.032 637.032 637.6416 637.6416 637.032 637.032 635.8128 634.5936 632.7648 631.5456 629.7168 627.888 626.0592 624.2304 622.4016 621.1824 620.5728 619.3536 618.744 618.1344 617.5248 616.9152 616.9152 616.3056 616.9152 616.9152
574.8528 575.4624 577.2912 579.7296 582.168 583.9968 585.216 586.4352 588.264 590.7024 592.5312 593.7504 594.9696 596.1888 597.408 599.2368 600.456 602.2848 604.7232 606.552 609.6 613.2576 616.3056 618.1344 619.9632 621.1824 621.792 622.4016 623.6208 624.2304 625.4496 626.6688 627.888 629.1072 630.3264 632.1552 633.3744 635.2032 635.8128 636.4224 637.032 637.032 636.4224 636.4224 635.2032 633.3744 632.1552 630.3264 629.1072 627.2784 625.4496 624.2304 622.4016 621.792 620.5728 619.9632 619.3536 618.744 618.1344 617.5248 617.5248 617.5248 617.5248 617.5248
572.4144 573.024 574.8528 577.9008 580.3392 581.5584 582.7776 583.9968 586.4352 588.8736 590.7024 592.5312 593.1408 594.36 595.5792 597.408 598.6272 601.0656 602.8944 605.3328 608.3808 612.0384 615.0864 616.9152 618.1344 619.3536 620.5728 621.1824 621.792 623.0112 624.2304 625.4496 626.6688 627.888 629.1072 630.936 632.1552 633.984 634.5936 635.8128 636.4224 636.4224 635.8128 635.8128 634.5936 632.7648 631.5456 630.3264 628.4976 626.6688 625.4496 624.2304 622.4016 621.792 621.1824 620.5728 619.9632 619.3536 618.744 618.744 618.1344 618.1344 618.1344 618.744
569.976 570.5856 572.4144 575.4624 577.9008 579.12 580.3392 581.5584 583.9968 586.4352 588.8736 590.7024 591.9216 593.1408 594.36 595.5792 597.408 598.6272 601.0656 602.8944 606.552 610.2096 613.2576 615.0864 616.9152 618.1344 619.3536 619.9632 621.1824 622.4016 623.6208 624.84 626.0592 627.2784 628.4976 629.7168 631.5456 632.7648 633.984 634.5936 635.2032 635.2032 635.2032 634.5936 633.3744 632.1552 630.936 629.7168 628.4976 627.2784 626.0592 624.2304 623.0112 622.4016 621.792 621.1824 620.5728 619.9632 619.3536 619.3536 618.744 618.744 619.3536 619.3536
566.928 567.5376 569.976 572.4144 574.8528 576.6816 577.9008 579.7296 581.5584 584.6064 587.0448 588.8736 590.0928 591.312 592.5312 594.36 595.5792 596.7984 598.6272 600.456 604.1136 607.7712 611.4288 613.2576 615.0864 616.9152 618.1344 619.3536 620.5728 621.792 623.0112 624.2304 625.4496 626.6688 627.2784 629.1072 630.3264 632.1552 632.7648 633.3744 633.984 633.984 633.984 633.3744 632.7648 631.5456 630.936 629.7168 628.4976 627.2784 626.0592 625.4496 624.2304 623.0112 622.4016 621.792 621.1824 620.5728 619.9632 619.9632 619.3536 619.3536 619.9632 619.9632
564.4896 565.0992 567.5376 569.976 572.4144 574.2432 575.4624 577.2912 579.7296 582.7776 585.216 587.0448 588.264 590.0928 591.312 592.5312 593.7504 594.9696 596.7984 598.6272 601.6752 605.9424 608.9904 611.4288 613.8672 615.696 616.9152 618.744 619.9632 621.1824 622.4016 623.6208 624.84 625.4496 626.6688 627.888 629.7168 630.936 631.5456 632.1552 632.7648 632.7648 632.7648 632.7648 632.1552 630.936 630.3264 629.7168 628.4976 627.888 626.6688 625.4496 624.84 623.6208 623.0112 622.4016 621.792 621.1824 620.5728 619.9632 619.9632 619.9632 620.5728 620.5728
562.6608 563.2704 565.0992 568.1472 570.5856 572.4144 574.2432 576.072 578.5104 580.9488 583.3872 585.216 587.0448 588.8736 590.0928 591.312 593.1408 594.36 596.1888 598.0176 601.0656 604.1136 607.1616 610.2096 612.648 615.0864 616.3056 618.1344 619.3536 620.5728 621.792 623.0112 623.6208 624.84 625.4496 626.6688 628.4976 629.7168 630.3264 630.936 631.5456 632.1552 631.5456 631.5456 630.936 630.3264 629.7168 629.1072 628.4976 627.2784 626.6688 625.4496 624.84 623.6208 623.0112 622.4016 621.792 621.1824 620.5728 620.5728 620.5728 620.268 620.5728 621.1824
560.832 560.832 563.2704 566.3184 569.3664 571.8048 573.6336 575.4624 577.9008 580.3392 582.168 583.9968 585.8256 587.6544 588.8736 590.7024 591.9216 593.7504 596.1888 598.0176 600.456 602.8944 605.3328 608.3808 611.4288 614.4768 616.3056 617.5248 618.744 619.9632 621.1824 621.792 623.0112 623.6208 624.2304 625.4496 627.2784 628.4976 629.1072 630.3264 630.936 630.936 630.936 630.936 630.3264 629.7168 629.7168 628.4976 627.888 627.2784 626.0592 625.4496 624.2304 623.6208 623.0112 622.4016 621.792 621.1824 620.8776 620.6948 620.5728 620.5728 620.5728 621.1824
559.0032 559.6128 562.0512 565.0992 568.1472 570.5856 572.4144 574.8528 576.6816 579.12 580.9488 582.7776 584.6064 586.4352 588.264 590.0928 591.312 593.7504 595.5792 598.0176 599.8464 601.6752 604.1136 607.1616 610.2096 613.2576 615.0864 616.9152 618.1344 619.3536 619.9632 621.1824 621.792 622.4016 623.0112 624.2304 626.0592 627.2784 628.4976 629.1072 630.3264 630.3264 629.7168 629.7168 629.7168 629.1072 629.1072 628.4976 627.2784 626.6688 626.0592 624.84 624.2304 623.6208 622.4016 621.792 621.1824 620.5728 620.5728 620.5728 620.5728 620.5728 620.5728 621.1824
558.3936 558.3936 560.832 563.88 566.928 569.3664 571.8048 574.2432 576.072 577.9008 580.3392 582.168 583.9968 585.8256 587.6544 589.4832 591.312 593.1408 595.5792 597.408 599.2368 601.0656 603.504 605.3328 607.7712 610.2096 612.648 615.0864 616.9152 618.1344 618.744 619.9632 620.5728 621.1824 621.792 623.0112 624.84 626.0592 627.2784 627.888 628.4976 629.1072 629.1072 629.1072 629.1072 629.1072 628.4976 628.4976 627.2784 626.6688 626.0592 624.84 623.6208 623.0112 621.792 621.1824 620.5728 619.9632 619.9632 619.9632 619.9632 619.9632 620.5728 621.1824
