out/production/GISProjectupd/data/prjOut.txt
ncols 180
nrows 180
xllcorner 0.0
yllcorner 0.0
cellsize 20.0
NODATA_VALUE -9999.0
[rows 112 to 139 of 180, columns 0 to 63 of 180]
654.2228 654.7104 656.5392 659.5872 662.0256 663.8544 666.2928 668.1216 669.9504 671.7792 673.608 673.608 674.2176 673.608 672.9984 672.3888 671.7792 670.56 669.3408 668.1216 667.512 667.512 666.9024 667.512 668.7312 669.3408 669.9504 671.1696 671.7792 672.3888 672.3888 671.7792 670.56 669.3408 667.512 665.0736 662.6352 660.1968 657.7584 655.32 652.8816 650.4432 648.6144 646.176 644.9568 643.7376 643.128 641.9088 640.6896 640.08 638.8608 638.2512 637.6416 636.4224 635.2032 633.984 633.3744 632.7648 632.1552 631.5456 630.3264 629.1072 628.4976 627.2784
654.2836 654.7104 656.5392 659.5872 662.0256 663.8544 666.2928 668.1216 669.9504 671.7792 672.9984 673.608 673.608 672.9984 672.3888 671.7792 671.1696 669.3408 668.1216 667.512 666.9024 666.2928 666.2928 666.9024 667.512 668.1216 669.3408 670.56 671.1696 671.1696 671.7792 671.1696 669.9504 668.7312 666.9024 665.0736 662.0256 659.5872 657.1488 654.7104 652.8816 650.4432 648.6144 646.7856 645.5664 644.3472 643.128 642.5184 641.2992 640.6896 639.4704 638.8608 637.6416 637.032 635.8128 634.5936 633.984 633.3744 632.7648 631.5456 630.936 629.7168 628.4976 627.888
654.4056 654.7104 656.5392 659.5872 662.0256 664.464 666.2928 668.1216 669.9504 671.7792 672.9984 672.9984 672.9984 672.3888 671.7792 671.1696 669.9504 668.7312 667.512 666.2928 665.6832 665.0736 665.0736 665.6832 666.2928 666.9024 668.1216 669.3408 669.9504 670.56 670.56 670.56 669.3408 668.1216 666.9024 664.464 662.0256 659.5872 657.1488 654.7104 652.272 650.4432 648.6144 646.7856 645.5664 644.3472 643.7376 642.5184 641.9088 640.6896 640.08 638.8608 638.2512 637.032 635.8128 635.2032 633.984 633.3744 632.7648 632.1552 630.936 630.3264 629.1072 627.888
654.5886 654.7104 656.5392 659.5872 662.0256 664.464 666.2928 668.7312 669.9504 671.7792 672.3888 672.3888 672.3888 671.7792 671.1696 669.9504 669.3408 668.1216 666.2928 665.0736 664.464 664.464 663.8544 664.464 665.0736 665.6832 666.9024 668.1216 668.7312 669.3408 669.3408 669.3408 668.7312 667.512 666.2928 663.8544 661.416 658.9776 656.5392 654.7104 652.272 650.4432 648.6144 646.7856 645.5664 644.9568 643.7376 643.128 641.9088 641.2992 640.6896 639.4704 638.2512 637.6416 636.4224 635.2032 634.5936 633.3744 632.7648 631.5456 630.936 630.3264 629.1072 627.888
654.7104 655.32 657.1488 659.5872 662.6352 664.464 666.9024 668.7312 669.9504 671.7792 672.3888 672.3888 671.7792 671.1696 670.56 669.3408 668.7312 667.512 665.6832 664.464 663.8544 663.2448 663.2448 663.2448 663.8544 664.464 665.0736 666.2928 666.9024 667.512 668.1216 668.1216 667.512 666.2928 665.0736 663.2448 660.8064 658.368 656.5392 654.1008 652.272 650.4432 648.6144 647.3952 646.176 644.9568 644.3472 643.7376 642.5184 641.9088 640.6896 640.08 638.8608 637.6416 636.4224 634.5936 633.984 632.7648 631.5456 630.936 630.3264 629.7168 628.4976 627.2784
655.32 655.32 657.7584 660.1968 662.6352 665.0736 666.9024 668.7312 670.56 671.1696 672.3888 672.3888 671.7792 671.1696 669.9504 668.7312 667.512 666.2928 665.0736 663.8544 663.2448 662.6352 662.0256 662.0256 662.6352 663.2448 663.8544 664.464 665.0736 665.6832 666.2928 666.2928 665.6832 665.0736 663.8544 662.0256 660.1968 658.368 655.9296 654.1008 652.272 650.4432 648.6144 647.3952 646.176 645.5664 644.9568 644.3472 643.128 642.5184 641.2992 640.6896 639.4704 637.6416 635.8128 634.5936 633.3744 632.1552 630.936 629.7168 629.1072 627.888 627.2784 626.0592
655.6248 655.9296 657.7584 660.8064 663.2448 665.0736 667.512 669.3408 670.56 671.1696 672.3888 671.7792 671.7792 671.1696 669.9504 668.1216 666.9024 665.6832 664.464 663.2448 662.6352 661.416 660.8064 660.8064 661.416 661.416 662.0256 662.6352 663.2448 663.8544 664.464 665.0736 664.464 663.2448 662.6352 660.8064 659.5872 657.7584 655.9296 654.1008 652.272 650.4432 649.224 647.3952 646.7856 646.176 645.5664 644.3472 643.7376 643.128 641.9088 640.6896 639.4704 637.6416 635.8128 633.984 632.1552 630.936 629.7168 628.4976 627.888 626.6688 626.0592 625.4496
655.32 655.32 657.7584 660.8064 663.2448 665.6832 667.512 669.3408 670.56 671.1696 672.3888 671.7792 671.1696 670.56 669.3408 667.512 666.2928 665.0736 663.8544 662.6352 661.416 660.8064 660.1968 660.1968 660.1968 660.1968 660.8064 661.416 662.0256 662.6352 663.2448 663.2448 663.2448 662.6352 661.416 660.1968 658.9776 657.1488 655.32 654.1008 652.272 651.0528 649.224 648.0048 647.3952 646.7856 645.5664 644.9568 644.3472 643.128 641.9088 640.6896 638.8608 637.032 635.2032 633.3744 631.5456 630.3264 628.4976 627.888 626.6688 625.4496 625.4496 624.84
654.7104 655.32 657.7584 660.8064 663.8544 665.6832 667.512 669.3408 670.56 671.7792 671.7792 671.7792 671.1696 669.9504 668.7312 667.512 665.6832 664.464 663.2448 662.0256 660.8064 659.5872 658.9776 658.9776 658.9776 658.9776 659.5872 660.1968 660.1968 660.8064 662.0256 662.6352 662.0256 661.416 660.8064 659.5872 657.7584 656.5392 655.32 653.4912 652.272 651.0528 649.8336 648.6144 647.3952 646.7856 646.176 644.9568 644.3472 643.128 641.9088 640.08 638.2512 636.4224 633.984 632.1552 630.3264 629.1072 627.888 626.6688 625.4496 624.84 624.2304 624.2304
654.1008 654.7104 657.1488 660.8064 663.8544 665.6832 667.512 669.3408 670.56 671.7792 671.7792 671.7792 670.56 669.9504 668.7312 666.9024 665.0736 663.8544 662.6352 661.416 660.1968 658.9776 657.7584 657.7584 657.7584 657.7584 658.368 658.368 658.9776 659.5872 660.1968 660.8064 660.8064 660.1968 659.5872 658.368 657.1488 655.9296 654.7104 653.4912 652.272 651.0528 649.8336 648.6144 648.0048 646.7856 646.176 645.5664 644.3472 643.128 641.2992 639.4704 637.6416 635.2032 633.3744 631.5456 629.7168 627.888 626.6688 625.4496 624.84 624.2304 623.6208 623.6208
652.8816 653.4912 656.5392 659.5872 662.6352 665.0736 666.9024 668.7312 669.9504 671.1696 671.7792 671.1696 670.56 669.9504 668.7312 666.9024 665.0736 663.8544 662.6352 661.416 660.1968 658.368 657.1488 657.1488 657.1488 657.1488 657.1488 657.1488 657.7584 657.7584 658.9776 659.5872 658.9776 658.368 658.368 657.1488 655.9296 654.7104 654.1008 652.8816 651.6624 650.4432 649.8336 648.6144 648.0048 647.3952 646.7856 645.5664 644.3472 642.5184 640.6896 638.8608 637.032 634.5936 632.7648 630.936 629.1072 627.2784 626.0592 625.4496 624.2304 623.6208 623.0112 623.0112
652.272 652.8816 655.32 658.368 660.8064 663.2448 665.6832 668.1216 669.3408 670.56 671.1696 671.1696 670.56 669.9504 668.7312 666.9024 665.6832 663.8544 662.6352 660.8064 659.5872 658.368 656.5392 656.5392 655.9296 655.9296 655.9296 655.9296 655.9296 656.5392 657.1488 657.1488 657.1488 656.5392 655.9296 655.32 654.7104 653.4912 652.8816 652.272 651.0528 650.4432 649.224 648.6144 648.0048 647.3952 646.7856 645.5664 643.7376 641.9088 640.08 638.2512 636.4224 634.5936 632.1552 630.3264 628.4976 627.2784 625.4496 624.84 622.4016 621.9748 623.0112 622.4016
650.4432 651.0528 653.4912 656.5392 659.5872 662.0256 664.464 666.9024 668.7312 669.9504 671.1696 671.1696 670.56 669.9504 668.7312 667.512 665.6832 663.8544 662.6352 660.8064 659.5872 657.7584 656.5392 655.9296 655.9296 655.32 655.32 654.7104 654.7104 654.7104 655.32 655.9296 655.32 654.7104 654.1008 653.4912 653.4912 652.8816 652.272 651.0528 650.4432 649.8336 649.224 648.6144 648.0048 647.3952 646.7856 644.9568 643.128 641.2992 639.4704 637.6416 635.8128 633.984 631.5456 629.7168 627.888 626.6688 625.4496 624.2304 621.914 621.853 621.914 622.4016
647.3952 648.0048 650.4432 653.4912 657.1488 659.5872 662.6352 665.6832 667.512 669.3408 670.56 670.8648 670.56 669.9504 669.3408 667.512 666.2928 664.464 662.6352 661.416 659.5872 657.7584 656.5392 655.9296 655.32 654.7104 654.7104 654.1008 653.4912 653.4912 654.1008 654.1008 653.4912 653.4912 652.8816 652.272 651.6624 651.6624 651.0528 650.4432 649.8336 649.224 648.6144 648.0048 647.3952 646.7856 646.176 644.3472 642.5184 640.6896 638.8608 636.4224 634.5936 632.7648 630.936 629.1072 627.888 626.0592 624.84 624.2304 621.853 621.792 622.4016 622.4016
643.7376 644.3472 647.3952 651.0528 654.1008 657.7584 660.8064 663.8544 666.2928 668.7312 670.56 670.56 670.56 670.56 669.3408 668.1216 666.2928 665.0736 663.2448 661.416 660.1968 658.368 657.1488 655.9296 655.32 654.7104 654.1008 653.4912 652.8816 652.8816 652.8816 652.8816 652.272 651.6624 651.0528 651.0528 650.4432 650.4432 649.8336 649.224 648.6144 648.0048 647.3952 646.7856 646.176 645.5664 644.9568 643.128 641.2992 639.4704 637.6416 635.8128 633.984 632.1552 630.3264 628.4976 627.2784 626.0592 624.84 623.6208 623.0112 622.4016 621.1824 621.1824
640.08 640.6896 643.7376 648.0048 651.6624 654.7104 658.368 661.416 664.464 667.512 669.3408 669.9504 669.9504 669.9504 669.3408 668.1216 666.9024 665.0736 663.8544 662.0256 660.1968 658.9776 657.1488 655.9296 655.32 654.1008 653.4912 652.272 651.6624 651.6624 651.6624 651.0528 650.4432 650.4432 649.8336 649.224 649.224 649.224 648.6144 648.0048 648.0048 647.3952 646.7856 646.176 644.9568 644.3472 643.7376 641.9088 640.08 638.8608 636.4224 634.5936 632.7648 630.936 629.1072 627.888 626.6688 625.4496 624.84 623.6208 622.4016 621.792 621.1824 620.5728
636.4224 637.032 640.6896 644.3472 648.6144 651.6624 655.32 658.9776 662.0256 665.0736 667.512 668.1216 668.7312 669.3408 668.7312 667.512 666.9024 665.6832 663.8544 662.6352 660.8064 658.9776 657.7584 656.5392 655.32 654.1008 652.8816 652.272 651.0528 650.4432 649.8336 649.8336 649.224 648.6144 648.0048 648.0048 648.0048 647.3952 647.3952 646.7856 646.176 645.5664 644.9568 644.3472 643.7376 642.5184 641.9088 640.08 638.8608 637.032 634.5936 632.7648 630.936 629.7168 627.888 626.6688 625.4496 624.84 623.6208 623.0112 621.792 621.1824 620.5728 619.9632
632.7648 633.3744 637.032 641.2992 645.5664 648.6144 652.272 655.32 658.9776 662.0256 665.0736 666.2928 667.512 668.1216 668.1216 667.512 666.9024 665.6832 664.464 663.2448 661.416 659.5872 657.7584 656.5392 655.32 654.1008 652.8816 651.6624 650.4432 649.8336 649.224 648.0048 647.3952 647.3952 646.7856 646.176 646.176 646.176 645.5664 644.9568 644.9568 644.3472 643.128 642.5184 641.9088 640.6896 640.08 638.2512 636.4224 634.5936 632.7648 630.936 629.7168 627.888 626.6688 625.4496 624.84 623.6208 623.0112 621.792 621.1824 620.5728 619.9632 619.3536
629.1072 630.3264 633.984 638.2512 642.5184 645.5664 649.224 652.272 655.9296 659.5872 662.6352 664.464 665.6832 666.9024 666.9024 666.9024 666.2928 665.6832 664.464 663.2448 662.0256 660.1968 658.368 657.1488 655.32 654.1008 652.8816 651.0528 649.8336 649.224 648.0048 646.7856 646.176 645.5664 644.9568 644.9568 644.9568 644.3472 643.7376 643.7376 643.128 642.5184 641.2992 640.6896 640.08 638.8608 638.2512 636.4224 634.5936 632.7648 631.5456 629.7168 627.888 626.6688 625.4496 624.2304 623.6208 622.4016 621.792 621.1824 620.5728 619.9632 619.3536 618.744
626.0592 626.6688 630.3264 635.2032 639.4704 643.128 646.7856 649.8336 653.4912 656.5392 660.1968 662.0256 663.8544 665.6832 665.6832 665.6832 665.6832 664.464 663.8544 662.6352 661.416 660.1968 658.9776 657.1488 655.32 654.1008 652.272 651.0528 649.224 648.6144 647.3952 646.176 645.5664 644.9568 644.3472 643.7376 643.128 643.128 642.5184 641.9088 641.2992 640.6896 640.08 638.8608 638.2512 637.032 636.4224 634.5936 633.3744 631.5456 630.3264 628.4976 627.2784 625.4496 624.2304 623.0112 622.4016 621.792 621.1824 619.9632 619.3536 618.744 618.1344 618.1344
622.4016 623.6208 627.2784 632.1552 637.032 640.6896 643.7376 647.3952 651.0528 654.1008 657.7584 660.1968 662.6352 663.8544 664.464 664.464 663.8544 663.2448 662.6352 662.0256 661.416 660.1968 658.9776 657.1488 655.32 653.4912 652.272 650.4432 649.224 648.0048 646.7856 645.5664 644.9568 644.3472 643.128 642.5184 641.9088 641.2992 640.6896 640.6896 640.08 638.8608 638.2512 637.032 636.4224 635.2032 634.5936 633.3744 631.5456 630.3264 629.1072 627.888 626.0592 624.84 623.0112 621.792 621.1824 620.5728 619.9632 619.3536 618.1344 617.5248 617.5248 617.5248
619.3536 620.5728 624.84 629.7168 634.5936 638.2512 641.2992 644.9568 648.6144 651.6624 655.32 657.7584 660.1968 662.0256 662.6352 662.6352 662.6352 662.0256 662.0256 661.416 660.8064 660.1968 658.9776 657.1488 655.32 653.4912 651.6624 650.4432 648.6144 647.3952 646.176 644.9568 644.3472 643.7376 642.5184 641.9088 640.6896 640.08 639.4704 638.8608 638.2512 637.6416 636.4224 635.2032 634.5936 633.3744 632.7648 631.5456 630.3264 629.1072 627.888 626.6688 625.4496 623.6208 622.4016 621.1824 620.5728 619.9632 619.3536 618.1344 617.5248 616.9152 616.9152 616.9152
616.9152 618.1344 622.4016 627.2784 632.1552 635.8128 639.4704 643.128 646.176 649.224 652.8816 655.32 657.7584 659.5872 660.1968 660.1968 660.8064 660.8064 660.1968 660.1968 659.5872 659.5872 658.368 657.1488 655.32 653.4912 651.6624 650.4432 648.6144 647.3952 646.176 644.9568 643.7376 643.128 641.9088 641.2992 640.08 639.4704 638.2512 637.6416 637.032 635.8128 634.5936 633.3744 632.7648 632.1552 630.936 630.3264 629.1072 627.888 626.6688 625.4496 624.84 623.0112 621.792 620.5728 619.9632 619.3536 618.744 617.5248 616.9152 616.3056 615.0864 614.4768
615.0864 615.696 619.9632 624.84 629.7168 633.3744 637.6416 641.2992 644.3472 647.3952 649.8336 652.272 654.7104 656.5392 657.1488 657.7584 658.368 658.9776 658.9776 658.9776 658.9776 658.368 657.7584 656.5392 654.7104 653.4912 652.272 650.4432 649.224 647.3952 646.176 644.9568 643.7376 642.5184 641.9088 640.6896 639.4704 638.2512 637.6416 636.4224 635.2032 633.984 633.3744 632.1552 630.936 630.3264 629.7168 628.4976 627.888 626.6688 625.4496 624.84 623.6208 622.4016 621.1824 619.9632 619.3536 618.744 617.5248 616.9152 616.3056 615.696 613.8672 612.0384
612.0384 613.2576 617.5248 622.4016 627.2784 631.5456 635.2032 638.8608 641.9088 644.9568 647.3952 649.8336 651.6624 653.4912 654.7104 655.32 656.5392 657.1488 657.7584 657.7584 657.7584 657.1488 656.5392 655.9296 654.7104 653.4912 651.6624 650.4432 648.6144 647.3952 645.5664 644.3472 643.128 642.5184 641.2992 640.08 638.8608 637.6416 636.4224 635.2032 633.984 633.3744 632.1552 630.936 629.7168 629.1072 628.4976 627.2784 626.6688 625.4496 624.84 624.2304 623.0112 621.792 620.5728 619.3536 618.744 618.1344 617.5248 616.3056 616.3056 615.0864 612.648 609.6
608.9904 610.2096 614.4768 619.9632 624.84 629.1072 632.7648 636.4224 639.4704 642.5184 645.5664 647.3952 649.224 650.4432 651.6624 652.8816 654.1008 654.7104 655.32 655.9296 655.9296 655.9296 655.32 654.7104 653.4912 652.272 651.0528 649.8336 648.0048 646.7856 645.5664 643.7376 643.128 641.9088 640.6896 640.08 638.8608 637.6416 636.4224 635.2032 633.984 633.3744 632.1552 630.936 629.7168 628.4976 627.888 626.6688 626.0592 624.84 624.2304 623.6208 622.4016 621.1824 619.9632 619.3536 618.744 617.5248 616.9152 616.3056 615.0864 613.8672 610.8192 607.7712
604.7232 605.9424 611.4288 617.5248 623.0112 627.2784 630.3264 633.984 637.032 640.6896 643.7376 645.5664 646.7856 648.0048 649.224 650.4432 651.6624 652.272 653.4912 654.1008 654.1008 654.1008 654.1008 652.8816 652.272 651.6624 650.4432 648.6144 647.3952 646.176 644.9568 643.7376 642.5184 641.2992 640.6896 639.4704 638.8608 638.2512 637.032 635.8128 634.5936 633.3744 632.1552 630.936 629.7168 628.4976 627.2784 626.6688 625.4496 624.84 623.6208 623.0112 621.792 621.1824 619.9632 619.3536 618.1344 618.1344 616.9152 615.696 614.4768 612.648 608.9904 605.3328
601.0656 602.2848 607.7712 614.4768 619.9632 624.2304 627.2784 630.936 634.5936 638.2512 641.2992 643.128 644.3472 645.5664 646.7856 648.0048 649.224 650.4432 651.0528 652.272 652.272 652.272 652.272 651.6624 651.0528 650.4432 649.224 648.0048 646.176 644.9568 644.3472 643.128 641.9088 641.2992 640.08 639.4704 638.8608 638.2512 637.032 635.8128 634.5936 633.984 632.7648 631.5456 630.3264 628.4976 627.2784 626.0592 625.4496 624.2304 623.6208 622.4016 621.792 620.5728 619.9632 618.744 618.1344 617.5248 616.9152 615.0864 613.2576 610.8192 607.1616 603.504
